stimulus_index,stimulus,input_time_ms,input_index,key_symbol,transcribed_string
0,Pitääkö meidän jutella?,0,0,Shift_R,Pitääkö meidän jutella?
0,Pitääkö meidän jutella?,187,1,P,Pitääkö meidän jutella?
0,Pitääkö meidän jutella?,468,2,i,Pitääkö meidän jutella?
0,Pitääkö meidän jutella?,749,3,t,Pitääkö meidän jutella?
0,Pitääkö meidän jutella?,905,4,adiaeresis,Pitääkö meidän jutella?
0,Pitääkö meidän jutella?,999,5,adiaeresis,Pitääkö meidän jutella?
0,Pitääkö meidän jutella?,1279,6,k,Pitääkö meidän jutella?
0,Pitääkö meidän jutella?,1716,7,odiaeresis,Pitääkö meidän jutella?
0,Pitääkö meidän jutella?,1872,8,space,Pitääkö meidän jutella?
0,Pitääkö meidän jutella?,2278,9,m,Pitääkö meidän jutella?
0,Pitääkö meidän jutella?,2371,10,e,Pitääkö meidän jutella?
0,Pitääkö meidän jutella?,2496,11,i,Pitääkö meidän jutella?
0,Pitääkö meidän jutella?,2683,12,d,Pitääkö meidän jutella?
0,Pitääkö meidän jutella?,2964,13,n,Pitääkö meidän jutella?
0,Pitääkö meidän jutella?,3120,14,space,Pitääkö meidän jutella?
0,Pitääkö meidän jutella?,3432,15,BackSpace,Pitääkö meidän jutella?
0,Pitääkö meidän jutella?,3526,16,BackSpace,Pitääkö meidän jutella?
0,Pitääkö meidän jutella?,3994,17,adiaeresis,Pitääkö meidän jutella?
0,Pitääkö meidän jutella?,4493,18,n,Pitääkö meidän jutella?
0,Pitääkö meidän jutella?,4618,19,space,Pitääkö meidän jutella?
0,Pitääkö meidän jutella?,4930,20,j,Pitääkö meidän jutella?
0,Pitääkö meidän jutella?,5117,21,u,Pitääkö meidän jutella?
0,Pitääkö meidän jutella?,5398,22,e,Pitääkö meidän jutella?
0,Pitääkö meidän jutella?,5959,23,BackSpace,Pitääkö meidän jutella?
0,Pitääkö meidän jutella?,6334,24,t,Pitääkö meidän jutella?
0,Pitääkö meidän jutella?,6552,25,e,Pitääkö meidän jutella?
0,Pitääkö meidän jutella?,6739,26,l,Pitääkö meidän jutella?
0,Pitääkö meidän jutella?,6864,27,l,Pitääkö meidän jutella?
0,Pitääkö meidän jutella?,6958,28,a,Pitääkö meidän jutella?
0,Pitääkö meidän jutella?,7613,29,Shift_R,Pitääkö meidän jutella?
0,Pitääkö meidän jutella?,7831,30,question,Pitääkö meidän jutella?
1,Tulen takaisin perjantaina.,0,0,Shift_R,Tulen takaisin perjantaina.
1,Tulen takaisin perjantaina.,94,1,T,Tulen takaisin perjantaina.
1,Tulen takaisin perjantaina.,280,2,u,Tulen takaisin perjantaina.
1,Tulen takaisin perjantaina.,592,3,l,Tulen takaisin perjantaina.
1,Tulen takaisin perjantaina.,779,4,e,Tulen takaisin perjantaina.
1,Tulen takaisin perjantaina.,904,5,n,Tulen takaisin perjantaina.
1,Tulen takaisin perjantaina.,997,6,space,Tulen takaisin perjantaina.
1,Tulen takaisin perjantaina.,1247,7,t,Tulen takaisin perjantaina.
1,Tulen takaisin perjantaina.,1434,8,a,Tulen takaisin perjantaina.
1,Tulen takaisin perjantaina.,1591,9,k,Tulen takaisin perjantaina.
1,Tulen takaisin perjantaina.,1654,10,a,Tulen takaisin perjantaina.
1,Tulen takaisin perjantaina.,1778,11,i,Tulen takaisin perjantaina.
1,Tulen takaisin perjantaina.,1903,12,s,Tulen takaisin perjantaina.
1,Tulen takaisin perjantaina.,2339,13,i,Tulen takaisin perjantaina.
1,Tulen takaisin perjantaina.,2496,14,n,Tulen takaisin perjantaina.
1,Tulen takaisin perjantaina.,2558,15,space,Tulen takaisin perjantaina.
1,Tulen takaisin perjantaina.,2808,16,p,Tulen takaisin perjantaina.
1,Tulen takaisin perjantaina.,3026,17,e,Tulen takaisin perjantaina.
1,Tulen takaisin perjantaina.,3120,18,r,Tulen takaisin perjantaina.
1,Tulen takaisin perjantaina.,3401,19,j,Tulen takaisin perjantaina.
1,Tulen takaisin perjantaina.,3463,20,a,Tulen takaisin perjantaina.
1,Tulen takaisin perjantaina.,3775,21,n,Tulen takaisin perjantaina.
1,Tulen takaisin perjantaina.,4118,22,t,Tulen takaisin perjantaina.
1,Tulen takaisin perjantaina.,4180,23,a,Tulen takaisin perjantaina.
1,Tulen takaisin perjantaina.,4273,24,i,Tulen takaisin perjantaina.
1,Tulen takaisin perjantaina.,4493,25,n,Tulen takaisin perjantaina.
1,Tulen takaisin perjantaina.,4555,26,a,Tulen takaisin perjantaina.
1,Tulen takaisin perjantaina.,6520,27,period,Tulen takaisin perjantaina.
1,Tulen takaisin perjantaina.,7051,28,quoteright,Tulen takaisin perjantaina.
1,Tulen takaisin perjantaina.,8018,29,BackSpace,Tulen takaisin perjantaina.
2,Mikä tämä on?,0,0,Shift_R,Mikä tämä on?
2,Mikä tämä on?,187,1,M,Mikä tämä on?
2,Mikä tämä on?,312,2,i,Mikä tämä on?
2,Mikä tämä on?,499,3,k,Mikä tämä on?
2,Mikä tämä on?,654,4,adiaeresis,Mikä tämä on?
2,Mikä tämä on?,779,5,space,Mikä tämä on?
2,Mikä tämä on?,1279,6,t,Mikä tämä on?
2,Mikä tämä on?,1467,7,adiaeresis,Mikä tämä on?
2,Mikä tämä on?,1934,8,m,Mikä tämä on?
2,Mikä tämä on?,2091,9,adiaeresis,Mikä tämä on?
2,Mikä tämä on?,2184,10,space,Mikä tämä on?
2,Mikä tämä on?,2434,11,o,Mikä tämä on?
2,Mikä tämä on?,2621,12,n,Mikä tämä on?
2,Mikä tämä on?,3526,13,Shift_R,Mikä tämä on?
2,Mikä tämä on?,3993,14,question,Mikä tämä on?
3,Luulen tämän olevan hyvä.,0,0,Shift_R,Luulen tämän olevan hyvä.
3,Luulen tämän olevan hyvä.,218,1,L,Luulen tämän olevan hyvä.
3,Luulen tämän olevan hyvä.,592,2,u,Luulen tämän olevan hyvä.
3,Luulen tämän olevan hyvä.,717,3,u,Luulen tämän olevan hyvä.
3,Luulen tämän olevan hyvä.,1154,4,l,Luulen tämän olevan hyvä.
3,Luulen tämän olevan hyvä.,1247,5,e,Luulen tämän olevan hyvä.
3,Luulen tämän olevan hyvä.,1342,6,n,Luulen tämän olevan hyvä.
3,Luulen tämän olevan hyvä.,1403,7,space,Luulen tämän olevan hyvä.
3,Luulen tämän olevan hyvä.,1965,8,t,Luulen tämän olevan hyvä.
3,Luulen tämän olevan hyvä.,2152,9,adiaeresis,Luulen tämän olevan hyvä.
3,Luulen tämän olevan hyvä.,2277,10,m,Luulen tämän olevan hyvä.
3,Luulen tämän olevan hyvä.,2402,11,adiaeresis,Luulen tämän olevan hyvä.
3,Luulen tämän olevan hyvä.,2745,12,n,Luulen tämän olevan hyvä.
3,Luulen tämän olevan hyvä.,2807,13,space,Luulen tämän olevan hyvä.
3,Luulen tämän olevan hyvä.,3119,14,o,Luulen tämän olevan hyvä.
3,Luulen tämän olevan hyvä.,3306,15,l,Luulen tämän olevan hyvä.
3,Luulen tämän olevan hyvä.,3400,16,e,Luulen tämän olevan hyvä.
3,Luulen tämän olevan hyvä.,3618,17,v,Luulen tämän olevan hyvä.
3,Luulen tämän olevan hyvä.,3712,18,a,Luulen tämän olevan hyvä.
3,Luulen tämän olevan hyvä.,3837,19,n,Luulen tämän olevan hyvä.
3,Luulen tämän olevan hyvä.,3899,20,space,Luulen tämän olevan hyvä.
3,Luulen tämän olevan hyvä.,4367,21,h,Luulen tämän olevan hyvä.
3,Luulen tämän olevan hyvä.,4554,22,y,Luulen tämän olevan hyvä.
3,Luulen tämän olevan hyvä.,4742,23,v,Luulen tämän olevan hyvä.
3,Luulen tämän olevan hyvä.,4773,24,adiaeresis,Luulen tämän olevan hyvä.
3,Luulen tämän olevan hyvä.,6240,25,period,Luulen tämän olevan hyvä.
4,Tuletko kanssamme lounaalle?,0,0,Shift_R,Tuletko kanssamme lounaalle?
4,Tuletko kanssamme lounaalle?,125,1,T,Tuletko kanssamme lounaalle?
4,Tuletko kanssamme lounaalle?,312,2,u,Tuletko kanssamme lounaalle?
4,Tuletko kanssamme lounaalle?,467,3,l,Tuletko kanssamme lounaalle?
4,Tuletko kanssamme lounaalle?,654,4,e,Tuletko kanssamme lounaalle?
4,Tuletko kanssamme lounaalle?,842,5,t,Tuletko kanssamme lounaalle?
4,Tuletko kanssamme lounaalle?,1061,6,k,Tuletko kanssamme lounaalle?
4,Tuletko kanssamme lounaalle?,1186,7,o,Tuletko kanssamme lounaalle?
4,Tuletko kanssamme lounaalle?,1279,8,space,Tuletko kanssamme lounaalle?
4,Tuletko kanssamme lounaalle?,1591,9,k,Tuletko kanssamme lounaalle?
4,Tuletko kanssamme lounaalle?,1654,10,a,Tuletko kanssamme lounaalle?
4,Tuletko kanssamme lounaalle?,1871,11,n,Tuletko kanssamme lounaalle?
4,Tuletko kanssamme lounaalle?,2371,12,s,Tuletko kanssamme lounaalle?
4,Tuletko kanssamme lounaalle?,2496,13,s,Tuletko kanssamme lounaalle?
4,Tuletko kanssamme lounaalle?,3026,14,a,Tuletko kanssamme lounaalle?
4,Tuletko kanssamme lounaalle?,3213,15,m,Tuletko kanssamme lounaalle?
4,Tuletko kanssamme lounaalle?,3338,16,m,Tuletko kanssamme lounaalle?
4,Tuletko kanssamme lounaalle?,3493,17,e,Tuletko kanssamme lounaalle?
4,Tuletko kanssamme lounaalle?,3743,18,space,Tuletko kanssamme lounaalle?
4,Tuletko kanssamme lounaalle?,4150,19,l,Tuletko kanssamme lounaalle?
4,Tuletko kanssamme lounaalle?,4430,20,o,Tuletko kanssamme lounaalle?
4,Tuletko kanssamme lounaalle?,4555,21,u,Tuletko kanssamme lounaalle?
4,Tuletko kanssamme lounaalle?,4805,22,n,Tuletko kanssamme lounaalle?
4,Tuletko kanssamme lounaalle?,4960,23,a,Tuletko kanssamme lounaalle?
4,Tuletko kanssamme lounaalle?,5085,24,a,Tuletko kanssamme lounaalle?
4,Tuletko kanssamme lounaalle?,5242,25,l,Tuletko kanssamme lounaalle?
4,Tuletko kanssamme lounaalle?,5335,26,l,Tuletko kanssamme lounaalle?
4,Tuletko kanssamme lounaalle?,5429,27,e,Tuletko kanssamme lounaalle?
4,Tuletko kanssamme lounaalle?,6240,28,Shift_R,Tuletko kanssamme lounaalle?
4,Tuletko kanssamme lounaalle?,6396,29,question,Tuletko kanssamme lounaalle?
5,Kunhan pelleilen kanssasi!,0,0,Shift_R,Kunhan pelleilen kanssasi!
5,Kunhan pelleilen kanssasi!,250,1,K,Kunhan pelleilen kanssasi!
5,Kunhan pelleilen kanssasi!,529,2,u,Kunhan pelleilen kanssasi!
5,Kunhan pelleilen kanssasi!,717,3,n,Kunhan pelleilen kanssasi!
5,Kunhan pelleilen kanssasi!,997,4,h,Kunhan pelleilen kanssasi!
5,Kunhan pelleilen kanssasi!,1091,5,a,Kunhan pelleilen kanssasi!
5,Kunhan pelleilen kanssasi!,1216,6,n,Kunhan pelleilen kanssasi!
5,Kunhan pelleilen kanssasi!,1278,7,space,Kunhan pelleilen kanssasi!
5,Kunhan pelleilen kanssasi!,2651,8,p,Kunhan pelleilen kanssasi!
5,Kunhan pelleilen kanssasi!,2869,9,e,Kunhan pelleilen kanssasi!
5,Kunhan pelleilen kanssasi!,2994,10,l,Kunhan pelleilen kanssasi!
5,Kunhan pelleilen kanssasi!,3119,11,l,Kunhan pelleilen kanssasi!
5,Kunhan pelleilen kanssasi!,3244,12,e,Kunhan pelleilen kanssasi!
5,Kunhan pelleilen kanssasi!,3431,13,i,Kunhan pelleilen kanssasi!
5,Kunhan pelleilen kanssasi!,3899,14,l,Kunhan pelleilen kanssasi!
5,Kunhan pelleilen kanssasi!,4055,15,e,Kunhan pelleilen kanssasi!
5,Kunhan pelleilen kanssasi!,4149,16,n,Kunhan pelleilen kanssasi!
5,Kunhan pelleilen kanssasi!,4211,17,space,Kunhan pelleilen kanssasi!
5,Kunhan pelleilen kanssasi!,4461,18,k,Kunhan pelleilen kanssasi!
5,Kunhan pelleilen kanssasi!,4554,19,a,Kunhan pelleilen kanssasi!
5,Kunhan pelleilen kanssasi!,4710,20,n,Kunhan pelleilen kanssasi!
5,Kunhan pelleilen kanssasi!,4897,21,s,Kunhan pelleilen kanssasi!
5,Kunhan pelleilen kanssasi!,5022,22,s,Kunhan pelleilen kanssasi!
5,Kunhan pelleilen kanssasi!,5147,23,a,Kunhan pelleilen kanssasi!
5,Kunhan pelleilen kanssasi!,5989,24,s,Kunhan pelleilen kanssasi!
5,Kunhan pelleilen kanssasi!,6114,25,i,Kunhan pelleilen kanssasi!
5,Kunhan pelleilen kanssasi!,7799,26,Shift_R,Kunhan pelleilen kanssasi!
5,Kunhan pelleilen kanssasi!,7924,27,exclam,Kunhan pelleilen kanssasi!
6,Kuinka voit?,0,0,Shift_R,Kuinka voit?
6,Kuinka voit?,312,1,K,Kuinka voit?
6,Kuinka voit?,562,2,u,Kuinka voit?
6,Kuinka voit?,779,3,i,Kuinka voit?
6,Kuinka voit?,967,4,n,Kuinka voit?
6,Kuinka voit?,1186,5,k,Kuinka voit?
6,Kuinka voit?,1279,6,a,Kuinka voit?
6,Kuinka voit?,1404,7,space,Kuinka voit?
6,Kuinka voit?,1621,8,v,Kuinka voit?
6,Kuinka voit?,1746,9,o,Kuinka voit?
6,Kuinka voit?,1810,10,i,Kuinka voit?
6,Kuinka voit?,2028,11,t,Kuinka voit?
6,Kuinka voit?,2496,12,Shift_R,Kuinka voit?
6,Kuinka voit?,3245,13,question,Kuinka voit?
7,Ymmärsitkö sinä tämän?,0,0,Shift_R,Ymmärsitkö sinä tämän?
7,Ymmärsitkö sinä tämän?,187,1,U,Ymmärsitkö sinä tämän?
7,Ymmärsitkö sinä tämän?,187,2,Y,Ymmärsitkö sinä tämän?
7,Ymmärsitkö sinä tämän?,842,3,BackSpace,Ymmärsitkö sinä tämän?
7,Ymmärsitkö sinä tämän?,967,4,Multi_key,Ymmärsitkö sinä tämän?
7,Ymmärsitkö sinä tämän?,1372,5,Multi_key,Ymmärsitkö sinä tämän?
7,Ymmärsitkö sinä tämän?,2278,6,BackSpace,Ymmärsitkö sinä tämän?
7,Ymmärsitkö sinä tämän?,2434,7,BackSpace,Ymmärsitkö sinä tämän?
7,Ymmärsitkö sinä tämän?,2901,8,BackSpace,Ymmärsitkö sinä tämän?
7,Ymmärsitkö sinä tämän?,3556,9,Shift_R,Ymmärsitkö sinä tämän?
7,Ymmärsitkö sinä tämän?,3775,10,Y,Ymmärsitkö sinä tämän?
7,Ymmärsitkö sinä tämän?,4398,11,m,Ymmärsitkö sinä tämän?
7,Ymmärsitkö sinä tämän?,4523,12,m,Ymmärsitkö sinä tämän?
7,Ymmärsitkö sinä tämän?,4680,13,adiaeresis,Ymmärsitkö sinä tämän?
7,Ymmärsitkö sinä tämän?,5117,14,r,Ymmärsitkö sinä tämän?
7,Ymmärsitkö sinä tämän?,5367,15,s,Ymmärsitkö sinä tämän?
7,Ymmärsitkö sinä tämän?,5460,16,i,Ymmärsitkö sinä tämän?
7,Ymmärsitkö sinä tämän?,5615,17,t,Ymmärsitkö sinä tämän?
7,Ymmärsitkö sinä tämän?,5802,18,k,Ymmärsitkö sinä tämän?
7,Ymmärsitkö sinä tämän?,6052,19,odiaeresis,Ymmärsitkö sinä tämän?
7,Ymmärsitkö sinä tämän?,6115,20,space,Ymmärsitkö sinä tämän?
7,Ymmärsitkö sinä tämän?,6459,21,s,Ymmärsitkö sinä tämän?
7,Ymmärsitkö sinä tämän?,6552,22,i,Ymmärsitkö sinä tämän?
7,Ymmärsitkö sinä tämän?,6802,23,n,Ymmärsitkö sinä tämän?
7,Ymmärsitkö sinä tämän?,6894,24,adiaeresis,Ymmärsitkö sinä tämän?
7,Ymmärsitkö sinä tämän?,7019,25,space,Ymmärsitkö sinä tämän?
7,Ymmärsitkö sinä tämän?,7426,26,t,Ymmärsitkö sinä tämän?
7,Ymmärsitkö sinä tämän?,7519,27,adiaeresis,Ymmärsitkö sinä tämän?
7,Ymmärsitkö sinä tämän?,7737,28,m,Ymmärsitkö sinä tämän?
7,Ymmärsitkö sinä tämän?,7831,29,adiaeresis,Ymmärsitkö sinä tämän?
7,Ymmärsitkö sinä tämän?,7956,30,n,Ymmärsitkö sinä tämän?
7,Ymmärsitkö sinä tämän?,8579,31,Shift_R,Ymmärsitkö sinä tämän?
7,Ymmärsitkö sinä tämän?,9266,32,question,Ymmärsitkö sinä tämän?
8,Ei ollut edes lähellä.,0,0,Shift_R,Ei ollut edes lähellä.
8,Ei ollut edes lähellä.,125,1,E,Ei ollut edes lähellä.
8,Ei ollut edes lähellä.,280,2,i,Ei ollut edes lähellä.
8,Ei ollut edes lähellä.,592,3,space,Ei ollut edes lähellä.
8,Ei ollut edes lähellä.,1092,4,o,Ei ollut edes lähellä.
8,Ei ollut edes lähellä.,1310,5,l,Ei ollut edes lähellä.
8,Ei ollut edes lähellä.,1434,6,l,Ei ollut edes lähellä.
8,Ei ollut edes lähellä.,1559,7,u,Ei ollut edes lähellä.
8,Ei ollut edes lähellä.,1684,8,t,Ei ollut edes lähellä.
8,Ei ollut edes lähellä.,1809,9,space,Ei ollut edes lähellä.
8,Ei ollut edes lähellä.,2027,10,e,Ei ollut edes lähellä.
8,Ei ollut edes lähellä.,2339,11,d,Ei ollut edes lähellä.
8,Ei ollut edes lähellä.,2526,12,e,Ei ollut edes lähellä.
8,Ei ollut edes lähellä.,2808,13,s,Ei ollut edes lähellä.
8,Ei ollut edes lähellä.,3058,14,space,Ei ollut edes lähellä.
8,Ei ollut edes lähellä.,3338,15,l,Ei ollut edes lähellä.
8,Ei ollut edes lähellä.,3556,16,adiaeresis,Ei ollut edes lähellä.
8,Ei ollut edes lähellä.,3651,17,h,Ei ollut edes lähellä.
8,Ei ollut edes lähellä.,3930,18,e,Ei ollut edes lähellä.
8,Ei ollut edes lähellä.,4243,19,l,Ei ollut edes lähellä.
8,Ei ollut edes lähellä.,4368,20,l,Ei ollut edes lähellä.
8,Ei ollut edes lähellä.,4493,21,adiaeresis,Ei ollut edes lähellä.
8,Ei ollut edes lähellä.,4991,22,Shift_R,Ei ollut edes lähellä.
8,Ei ollut edes lähellä.,6770,23,period,Ei ollut edes lähellä.
9,Pidä minut ajan tasalla!,0,0,Shift_R,Pidä minut ajan tasalla!
9,Pidä minut ajan tasalla!,187,1,P,Pidä minut ajan tasalla!
9,Pidä minut ajan tasalla!,499,2,i,Pidä minut ajan tasalla!
9,Pidä minut ajan tasalla!,1061,3,d,Pidä minut ajan tasalla!
9,Pidä minut ajan tasalla!,1184,4,adiaeresis,Pidä minut ajan tasalla!
9,Pidä minut ajan tasalla!,1466,5,space,Pidä minut ajan tasalla!
9,Pidä minut ajan tasalla!,1684,6,m,Pidä minut ajan tasalla!
9,Pidä minut ajan tasalla!,2059,7,i,Pidä minut ajan tasalla!
9,Pidä minut ajan tasalla!,2276,8,n,Pidä minut ajan tasalla!
9,Pidä minut ajan tasalla!,2401,9,u,Pidä minut ajan tasalla!
9,Pidä minut ajan tasalla!,2558,10,t,Pidä minut ajan tasalla!
9,Pidä minut ajan tasalla!,2713,11,space,Pidä minut ajan tasalla!
9,Pidä minut ajan tasalla!,3088,12,a,Pidä minut ajan tasalla!
9,Pidä minut ajan tasalla!,3338,13,j,Pidä minut ajan tasalla!
9,Pidä minut ajan tasalla!,3401,14,a,Pidä minut ajan tasalla!
9,Pidä minut ajan tasalla!,3556,15,n,Pidä minut ajan tasalla!
9,Pidä minut ajan tasalla!,4087,16,space,Pidä minut ajan tasalla!
9,Pidä minut ajan tasalla!,4273,17,t,Pidä minut ajan tasalla!
9,Pidä minut ajan tasalla!,4337,18,a,Pidä minut ajan tasalla!
9,Pidä minut ajan tasalla!,4648,19,s,Pidä minut ajan tasalla!
9,Pidä minut ajan tasalla!,4742,20,a,Pidä minut ajan tasalla!
9,Pidä minut ajan tasalla!,4928,21,l,Pidä minut ajan tasalla!
9,Pidä minut ajan tasalla!,5053,22,l,Pidä minut ajan tasalla!
9,Pidä minut ajan tasalla!,5148,23,a,Pidä minut ajan tasalla!
9,Pidä minut ajan tasalla!,5615,24,Shift_R,Pidä minut ajan tasalla!
9,Pidä minut ajan tasalla!,6365,25,exclam,Pidä minut ajan tasalla!
10,Onneksi olkoon.,0,0,Shift_R,Onneksi olkoon.
10,Onneksi olkoon.,312,1,O,Onneksi olkoon.
10,Onneksi olkoon.,654,2,n,Onneksi olkoon.
10,Onneksi olkoon.,749,3,n,Onneksi olkoon.
10,Onneksi olkoon.,936,4,e,Onneksi olkoon.
10,Onneksi olkoon.,1029,5,k,Onneksi olkoon.
10,Onneksi olkoon.,1217,6,s,Onneksi olkoon.
10,Onneksi olkoon.,1311,7,i,Onneksi olkoon.
10,Onneksi olkoon.,1404,8,space,Onneksi olkoon.
10,Onneksi olkoon.,2153,9,o,Onneksi olkoon.
10,Onneksi olkoon.,2403,10,l,Onneksi olkoon.
10,Onneksi olkoon.,2621,11,k,Onneksi olkoon.
10,Onneksi olkoon.,2808,12,o,Onneksi olkoon.
10,Onneksi olkoon.,2933,13,o,Onneksi olkoon.
10,Onneksi olkoon.,3058,14,n,Onneksi olkoon.
10,Onneksi olkoon.,4710,15,period,Onneksi olkoon.
11,Tämä näyttää hyvältä.,0,0,Shift_R,Tämä näyttää hyvältä.
11,Tämä näyttää hyvältä.,125,1,T,Tämä näyttää hyvältä.
11,Tämä näyttää hyvältä.,311,2,adiaeresis,Tämä näyttää hyvältä.
11,Tämä näyttää hyvältä.,500,3,m,Tämä näyttää hyvältä.
11,Tämä näyttää hyvältä.,561,4,adiaeresis,Tämä näyttää hyvältä.
11,Tämä näyttää hyvältä.,655,5,space,Tämä näyttää hyvältä.
11,Tämä näyttää hyvältä.,1310,6,n,Tämä näyttää hyvältä.
11,Tämä näyttää hyvältä.,1403,7,adiaeresis,Tämä näyttää hyvältä.
11,Tämä näyttää hyvältä.,1559,8,y,Tämä näyttää hyvältä.
11,Tämä näyttää hyvältä.,1778,9,t,Tämä näyttää hyvältä.
11,Tämä näyttää hyvältä.,1903,10,t,Tämä näyttää hyvältä.
11,Tämä näyttää hyvältä.,2090,11,odiaeresis,Tämä näyttää hyvältä.
11,Tämä näyttää hyvältä.,2215,12,odiaeresis,Tämä näyttää hyvältä.
11,Tämä näyttää hyvältä.,2684,13,BackSpace,Tämä näyttää hyvältä.
11,Tämä näyttää hyvältä.,2776,14,BackSpace,Tämä näyttää hyvältä.
11,Tämä näyttää hyvältä.,3151,15,adiaeresis,Tämä näyttää hyvältä.
11,Tämä näyttää hyvältä.,3307,16,adiaeresis,Tämä näyttää hyvältä.
11,Tämä näyttää hyvältä.,3743,17,space,Tämä näyttää hyvältä.
11,Tämä näyttää hyvältä.,4523,18,h,Tämä näyttää hyvältä.
11,Tämä näyttää hyvältä.,4711,19,y,Tämä näyttää hyvältä.
11,Tämä näyttää hyvältä.,4835,20,v,Tämä näyttää hyvältä.
11,Tämä näyttää hyvältä.,4960,21,adiaeresis,Tämä näyttää hyvältä.
11,Tämä näyttää hyvältä.,5210,22,l,Tämä näyttää hyvältä.
11,Tämä näyttää hyvältä.,5366,23,t,Tämä näyttää hyvältä.
11,Tämä näyttää hyvältä.,5459,24,adiaeresis,Tämä näyttää hyvältä.
11,Tämä näyttää hyvältä.,6863,25,Control_L,Tämä näyttää hyvältä.
11,Tämä näyttää hyvältä.,7768,27,period,Tämä näyttää hyvältä.
12,Kuinka pian tarvitset sen?,0,0,Shift_R,Kuinka pian tarvitset sen?
12,Kuinka pian tarvitset sen?,155,1,K,Kuinka pian tarvitset sen?
12,Kuinka pian tarvitset sen?,435,2,u,Kuinka pian tarvitset sen?
12,Kuinka pian tarvitset sen?,560,3,i,Kuinka pian tarvitset sen?
12,Kuinka pian tarvitset sen?,1309,4,n,Kuinka pian tarvitset sen?
12,Kuinka pian tarvitset sen?,1527,5,k,Kuinka pian tarvitset sen?
12,Kuinka pian tarvitset sen?,1652,6,a,Kuinka pian tarvitset sen?
12,Kuinka pian tarvitset sen?,1777,7,space,Kuinka pian tarvitset sen?
12,Kuinka pian tarvitset sen?,2151,8,p,Kuinka pian tarvitset sen?
12,Kuinka pian tarvitset sen?,2276,9,i,Kuinka pian tarvitset sen?
12,Kuinka pian tarvitset sen?,2713,10,a,Kuinka pian tarvitset sen?
12,Kuinka pian tarvitset sen?,2869,11,n,Kuinka pian tarvitset sen?
12,Kuinka pian tarvitset sen?,2931,12,space,Kuinka pian tarvitset sen?
12,Kuinka pian tarvitset sen?,3150,13,t,Kuinka pian tarvitset sen?
12,Kuinka pian tarvitset sen?,3212,14,a,Kuinka pian tarvitset sen?
12,Kuinka pian tarvitset sen?,3368,15,r,Kuinka pian tarvitset sen?
12,Kuinka pian tarvitset sen?,3618,16,v,Kuinka pian tarvitset sen?
12,Kuinka pian tarvitset sen?,3743,17,i,Kuinka pian tarvitset sen?
12,Kuinka pian tarvitset sen?,3836,18,t,Kuinka pian tarvitset sen?
12,Kuinka pian tarvitset sen?,4086,19,s,Kuinka pian tarvitset sen?
12,Kuinka pian tarvitset sen?,4148,20,e,Kuinka pian tarvitset sen?
12,Kuinka pian tarvitset sen?,4367,21,t,Kuinka pian tarvitset sen?
12,Kuinka pian tarvitset sen?,4523,22,space,Kuinka pian tarvitset sen?
12,Kuinka pian tarvitset sen?,4679,23,s,Kuinka pian tarvitset sen?
12,Kuinka pian tarvitset sen?,4741,24,e,Kuinka pian tarvitset sen?
12,Kuinka pian tarvitset sen?,4928,25,n,Kuinka pian tarvitset sen?
12,Kuinka pian tarvitset sen?,5396,26,Shift_R,Kuinka pian tarvitset sen?
12,Kuinka pian tarvitset sen?,5646,27,question,Kuinka pian tarvitset sen?
13,Oikein hyvää matkaa!,0,0,Shift_R,Oikein hyvää matkaa!
13,Oikein hyvää matkaa!,155,1,O,Oikein hyvää matkaa!
13,Oikein hyvää matkaa!,467,2,i,Oikein hyvää matkaa!
13,Oikein hyvää matkaa!,997,3,k,Oikein hyvää matkaa!
13,Oikein hyvää matkaa!,1092,4,e,Oikein hyvää matkaa!
13,Oikein hyvää matkaa!,1217,5,i,Oikein hyvää matkaa!
13,Oikein hyvää matkaa!,1279,6,n,Oikein hyvää matkaa!
13,Oikein hyvää matkaa!,1404,7,space,Oikein hyvää matkaa!
13,Oikein hyvää matkaa!,1746,8,h,Oikein hyvää matkaa!
13,Oikein hyvää matkaa!,1902,9,y,Oikein hyvää matkaa!
13,Oikein hyvää matkaa!,2059,10,v,Oikein hyvää matkaa!
13,Oikein hyvää matkaa!,2184,11,adiaeresis,Oikein hyvää matkaa!
13,Oikein hyvää matkaa!,2432,12,space,Oikein hyvää matkaa!
13,Oikein hyvää matkaa!,2994,13,BackSpace,Oikein hyvää matkaa!
13,Oikein hyvää matkaa!,3618,14,adiaeresis,Oikein hyvää matkaa!
13,Oikein hyvää matkaa!,3961,15,space,Oikein hyvää matkaa!
13,Oikein hyvää matkaa!,4243,16,m,Oikein hyvää matkaa!
13,Oikein hyvää matkaa!,4336,17,a,Oikein hyvää matkaa!
13,Oikein hyvää matkaa!,4493,18,t,Oikein hyvää matkaa!
13,Oikein hyvää matkaa!,4616,19,k,Oikein hyvää matkaa!
13,Oikein hyvää matkaa!,4773,20,a,Oikein hyvää matkaa!
13,Oikein hyvää matkaa!,4898,21,a,Oikein hyvää matkaa!
13,Oikein hyvää matkaa!,5647,22,Shift_R,Oikein hyvää matkaa!
13,Oikein hyvää matkaa!,6208,23,exclam,Oikein hyvää matkaa!
14,Oletko paikalla tänään?,0,0,Shift_R,Oletko paikalla tänään?
14,Oletko paikalla tänään?,156,1,O,Oletko paikalla tänään?
14,Oletko paikalla tänään?,749,2,l,Oletko paikalla tänään?
14,Oletko paikalla tänään?,873,3,e,Oletko paikalla tänään?
14,Oletko paikalla tänään?,998,4,t,Oletko paikalla tänään?
14,Oletko paikalla tänään?,1217,5,k,Oletko paikalla tänään?
14,Oletko paikalla tänään?,1341,6,o,Oletko paikalla tänään?
14,Oletko paikalla tänään?,1434,7,space,Oletko paikalla tänään?
14,Oletko paikalla tänään?,1684,8,p,Oletko paikalla tänään?
14,Oletko paikalla tänään?,1778,9,a,Oletko paikalla tänään?
14,Oletko paikalla tänään?,1871,10,i,Oletko paikalla tänään?
14,Oletko paikalla tänään?,2059,11,k,Oletko paikalla tänään?
14,Oletko paikalla tänään?,2153,12,a,Oletko paikalla tänään?
14,Oletko paikalla tänään?,2340,13,l,Oletko paikalla tänään?
14,Oletko paikalla tänään?,2433,14,l,Oletko paikalla tänään?
14,Oletko paikalla tänään?,2838,15,a,Oletko paikalla tänään?
14,Oletko paikalla tänään?,2963,16,space,Oletko paikalla tänään?
14,Oletko paikalla tänään?,3151,17,t,Oletko paikalla tänään?
14,Oletko paikalla tänään?,3306,18,adiaeresis,Oletko paikalla tänään?
14,Oletko paikalla tänään?,3588,19,n,Oletko paikalla tänään?
14,Oletko paikalla tänään?,3805,20,adiaeresis,Oletko paikalla tänään?
14,Oletko paikalla tänään?,3900,21,adiaeresis,Oletko paikalla tänään?
14,Oletko paikalla tänään?,3993,22,n,Oletko paikalla tänään?
14,Oletko paikalla tänään?,4523,23,Shift_R,Oletko paikalla tänään?
14,Oletko paikalla tänään?,4805,24,question,Oletko paikalla tänään?
15,Torstai sopii minulle paremmin.,0,0,Shift_R,Torstai sopii minulle paremmin.
15,Torstai sopii minulle paremmin.,155,1,T,Torstai sopii minulle paremmin.
15,Torstai sopii minulle paremmin.,404,2,o,Torstai sopii minulle paremmin.
15,Torstai sopii minulle paremmin.,841,3,r,Torstai sopii minulle paremmin.
15,Torstai sopii minulle paremmin.,1060,4,s,Torstai sopii minulle paremmin.
15,Torstai sopii minulle paremmin.,1216,5,t,Torstai sopii minulle paremmin.
15,Torstai sopii minulle paremmin.,1278,6,a,Torstai sopii minulle paremmin.
15,Torstai sopii minulle paremmin.,1434,7,i,Torstai sopii minulle paremmin.
15,Torstai sopii minulle paremmin.,1559,8,space,Torstai sopii minulle paremmin.
15,Torstai sopii minulle paremmin.,1902,9,s,Torstai sopii minulle paremmin.
15,Torstai sopii minulle paremmin.,2027,10,o,Torstai sopii minulle paremmin.
15,Torstai sopii minulle paremmin.,3431,11,p,Torstai sopii minulle paremmin.
15,Torstai sopii minulle paremmin.,3680,12,i,Torstai sopii minulle paremmin.
15,Torstai sopii minulle paremmin.,3774,13,i,Torstai sopii minulle paremmin.
15,Torstai sopii minulle paremmin.,3992,14,space,Torstai sopii minulle paremmin.
15,Torstai sopii minulle paremmin.,4710,15,m,Torstai sopii minulle paremmin.
15,Torstai sopii minulle paremmin.,4866,16,i,Torstai sopii minulle paremmin.
15,Torstai sopii minulle paremmin.,5053,17,n,Torstai sopii minulle paremmin.
15,Torstai sopii minulle paremmin.,5209,18,u,Torstai sopii minulle paremmin.
15,Torstai sopii minulle paremmin.,5396,19,l,Torstai sopii minulle paremmin.
15,Torstai sopii minulle paremmin.,5521,20,l,Torstai sopii minulle paremmin.
15,Torstai sopii minulle paremmin.,5615,21,e,Torstai sopii minulle paremmin.
15,Torstai sopii minulle paremmin.,5677,22,space,Torstai sopii minulle paremmin.
15,Torstai sopii minulle paremmin.,6301,23,p,Torstai sopii minulle paremmin.
15,Torstai sopii minulle paremmin.,6520,24,a,Torstai sopii minulle paremmin.
15,Torstai sopii minulle paremmin.,6738,25,r,Torstai sopii minulle paremmin.
15,Torstai sopii minulle paremmin.,6800,26,e,Torstai sopii minulle paremmin.
15,Torstai sopii minulle paremmin.,6988,27,m,Torstai sopii minulle paremmin.
15,Torstai sopii minulle paremmin.,7112,28,m,Torstai sopii minulle paremmin.
15,Torstai sopii minulle paremmin.,7237,29,i,Torstai sopii minulle paremmin.
15,Torstai sopii minulle paremmin.,7331,30,n,Torstai sopii minulle paremmin.
15,Torstai sopii minulle paremmin.,8236,31,period,Torstai sopii minulle paremmin.
16,"Kiitos, hyvää työtä.",0,0,Shift_R,"Kiitos, hyvää työtä."
16,"Kiitos, hyvää työtä.",155,1,K,"Kiitos, hyvää työtä."
16,"Kiitos, hyvää työtä.",374,2,i,"Kiitos, hyvää työtä."
16,"Kiitos, hyvää työtä.",499,3,i,"Kiitos, hyvää työtä."
16,"Kiitos, hyvää työtä.",779,4,t,"Kiitos, hyvää työtä."
16,"Kiitos, hyvää työtä.",904,5,o,"Kiitos, hyvää työtä."
16,"Kiitos, hyvää työtä.",1092,6,s,"Kiitos, hyvää työtä."
16,"Kiitos, hyvää työtä.",1966,7,comma,"Kiitos, hyvää työtä."
16,"Kiitos, hyvää työtä.",2121,8,space,"Kiitos, hyvää työtä."
16,"Kiitos, hyvää työtä.",2526,9,h,"Kiitos, hyvää työtä."
16,"Kiitos, hyvää työtä.",2746,10,y,"Kiitos, hyvää työtä."
16,"Kiitos, hyvää työtä.",2994,11,v,"Kiitos, hyvää työtä."
16,"Kiitos, hyvää työtä.",3151,12,adiaeresis,"Kiitos, hyvää työtä."
16,"Kiitos, hyvää työtä.",3276,13,adiaeresis,"Kiitos, hyvää työtä."
16,"Kiitos, hyvää työtä.",3463,14,space,"Kiitos, hyvää työtä."
16,"Kiitos, hyvää työtä.",3681,15,t,"Kiitos, hyvää työtä."
16,"Kiitos, hyvää työtä.",4055,16,odiaeresis,"Kiitos, hyvää työtä."
16,"Kiitos, hyvää työtä.",4398,17,BackSpace,"Kiitos, hyvää työtä."
16,"Kiitos, hyvää työtä.",4618,18,y,"Kiitos, hyvää työtä."
16,"Kiitos, hyvää työtä.",4930,19,odiaeresis,"Kiitos, hyvää työtä."
16,"Kiitos, hyvää työtä.",5242,20,t,"Kiitos, hyvää työtä."
16,"Kiitos, hyvää työtä.",5335,21,adiaeresis,"Kiitos, hyvää työtä."
16,"Kiitos, hyvää työtä.",6739,22,period,"Kiitos, hyvää työtä."
17,Tuo lienee oikea vastaus.,0,0,Shift_R,Tuo lienee oikea vastaus.
17,Tuo lienee oikea vastaus.,123,1,T,Tuo lienee oikea vastaus.
17,Tuo lienee oikea vastaus.,279,2,u,Tuo lienee oikea vastaus.
17,Tuo lienee oikea vastaus.,404,3,o,Tuo lienee oikea vastaus.
17,Tuo lienee oikea vastaus.,654,4,space,Tuo lienee oikea vastaus.
17,Tuo lienee oikea vastaus.,872,5,l,Tuo lienee oikea vastaus.
17,Tuo lienee oikea vastaus.,967,6,i,Tuo lienee oikea vastaus.
17,Tuo lienee oikea vastaus.,1309,7,e,Tuo lienee oikea vastaus.
17,Tuo lienee oikea vastaus.,1496,8,n,Tuo lienee oikea vastaus.
17,Tuo lienee oikea vastaus.,1683,9,e,Tuo lienee oikea vastaus.
17,Tuo lienee oikea vastaus.,1808,10,e,Tuo lienee oikea vastaus.
17,Tuo lienee oikea vastaus.,1995,11,space,Tuo lienee oikea vastaus.
17,Tuo lienee oikea vastaus.,2432,12,o,Tuo lienee oikea vastaus.
17,Tuo lienee oikea vastaus.,2495,13,i,Tuo lienee oikea vastaus.
17,Tuo lienee oikea vastaus.,2682,14,k,Tuo lienee oikea vastaus.
17,Tuo lienee oikea vastaus.,2807,15,e,Tuo lienee oikea vastaus.
17,Tuo lienee oikea vastaus.,3025,16,a,Tuo lienee oikea vastaus.
17,Tuo lienee oikea vastaus.,3181,17,space,Tuo lienee oikea vastaus.
17,Tuo lienee oikea vastaus.,3399,18,v,Tuo lienee oikea vastaus.
17,Tuo lienee oikea vastaus.,3462,19,a,Tuo lienee oikea vastaus.
17,Tuo lienee oikea vastaus.,3618,20,r,Tuo lienee oikea vastaus.
17,Tuo lienee oikea vastaus.,4086,21,BackSpace,Tuo lienee oikea vastaus.
17,Tuo lienee oikea vastaus.,4179,22,s,Tuo lienee oikea vastaus.
17,Tuo lienee oikea vastaus.,4367,23,t,Tuo lienee oikea vastaus.
17,Tuo lienee oikea vastaus.,4460,24,a,Tuo lienee oikea vastaus.
17,Tuo lienee oikea vastaus.,4741,25,u,Tuo lienee oikea vastaus.
17,Tuo lienee oikea vastaus.,4866,26,s,Tuo lienee oikea vastaus.
17,Tuo lienee oikea vastaus.,5802,27,period,Tuo lienee oikea vastaus.
18,Käyttäydytkö lapsellisesti?,0,0,Shift_R,Käyttäydytkö lapsellisesti?
18,Käyttäydytkö lapsellisesti?,405,1,K,Käyttäydytkö lapsellisesti?
18,Käyttäydytkö lapsellisesti?,655,2,adiaeresis,Käyttäydytkö lapsellisesti?
18,Käyttäydytkö lapsellisesti?,780,3,y,Käyttäydytkö lapsellisesti?
18,Käyttäydytkö lapsellisesti?,1341,4,t,Käyttäydytkö lapsellisesti?
18,Käyttäydytkö lapsellisesti?,1466,5,t,Käyttäydytkö lapsellisesti?
18,Käyttäydytkö lapsellisesti?,1653,6,adiaeresis,Käyttäydytkö lapsellisesti?
18,Käyttäydytkö lapsellisesti?,1997,7,y,Käyttäydytkö lapsellisesti?
18,Käyttäydytkö lapsellisesti?,2371,8,d,Käyttäydytkö lapsellisesti?
18,Käyttäydytkö lapsellisesti?,2589,9,y,Käyttäydytkö lapsellisesti?
18,Käyttäydytkö lapsellisesti?,3120,10,t,Käyttäydytkö lapsellisesti?
18,Käyttäydytkö lapsellisesti?,3401,11,k,Käyttäydytkö lapsellisesti?
18,Käyttäydytkö lapsellisesti?,3619,12,odiaeresis,Käyttäydytkö lapsellisesti?
18,Käyttäydytkö lapsellisesti?,3680,13,space,Käyttäydytkö lapsellisesti?
18,Käyttäydytkö lapsellisesti?,4524,14,l,Käyttäydytkö lapsellisesti?
18,Käyttäydytkö lapsellisesti?,4649,15,a,Käyttäydytkö lapsellisesti?
18,Käyttäydytkö lapsellisesti?,4929,16,s,Käyttäydytkö lapsellisesti?
18,Käyttäydytkö lapsellisesti?,5023,17,e,Käyttäydytkö lapsellisesti?
18,Käyttäydytkö lapsellisesti?,5928,18,BackSpace,Käyttäydytkö lapsellisesti?
18,Käyttäydytkö lapsellisesti?,6177,19,BackSpace,Käyttäydytkö lapsellisesti?
18,Käyttäydytkö lapsellisesti?,6458,20,p,Käyttäydytkö lapsellisesti?
18,Käyttäydytkö lapsellisesti?,6864,21,s,Käyttäydytkö lapsellisesti?
18,Käyttäydytkö lapsellisesti?,6926,22,e,Käyttäydytkö lapsellisesti?
18,Käyttäydytkö lapsellisesti?,7113,23,l,Käyttäydytkö lapsellisesti?
18,Käyttäydytkö lapsellisesti?,7238,24,l,Käyttäydytkö lapsellisesti?
18,Käyttäydytkö lapsellisesti?,7332,25,i,Käyttäydytkö lapsellisesti?
18,Käyttäydytkö lapsellisesti?,7457,26,s,Käyttäydytkö lapsellisesti?
18,Käyttäydytkö lapsellisesti?,7519,27,e,Käyttäydytkö lapsellisesti?
18,Käyttäydytkö lapsellisesti?,7800,28,s,Käyttäydytkö lapsellisesti?
18,Käyttäydytkö lapsellisesti?,7956,29,t,Käyttäydytkö lapsellisesti?
18,Käyttäydytkö lapsellisesti?,8049,30,i,Käyttäydytkö lapsellisesti?
18,Käyttäydytkö lapsellisesti?,8985,31,Shift_R,Käyttäydytkö lapsellisesti?
18,Käyttäydytkö lapsellisesti?,9173,32,question,Käyttäydytkö lapsellisesti?
19,Kiitos huolenpidostasi.,0,0,Shift_R,Kiitos huolenpidostasi.
19,Kiitos huolenpidostasi.,279,1,K,Kiitos huolenpidostasi.
19,Kiitos huolenpidostasi.,529,2,i,Kiitos huolenpidostasi.
19,Kiitos huolenpidostasi.,623,3,i,Kiitos huolenpidostasi.
19,Kiitos huolenpidostasi.,842,4,t,Kiitos huolenpidostasi.
19,Kiitos huolenpidostasi.,967,5,o,Kiitos huolenpidostasi.
19,Kiitos huolenpidostasi.,1122,6,s,Kiitos huolenpidostasi.
19,Kiitos huolenpidostasi.,1278,7,space,Kiitos huolenpidostasi.
19,Kiitos huolenpidostasi.,2307,8,j,Kiitos huolenpidostasi.
19,Kiitos huolenpidostasi.,2807,9,BackSpace,Kiitos huolenpidostasi.
19,Kiitos huolenpidostasi.,3087,10,h,Kiitos huolenpidostasi.
19,Kiitos huolenpidostasi.,3555,11,u,Kiitos huolenpidostasi.
19,Kiitos huolenpidostasi.,3743,12,o,Kiitos huolenpidostasi.
19,Kiitos huolenpidostasi.,3992,13,l,Kiitos huolenpidostasi.
19,Kiitos huolenpidostasi.,4086,14,e,Kiitos huolenpidostasi.
19,Kiitos huolenpidostasi.,4179,15,n,Kiitos huolenpidostasi.
19,Kiitos huolenpidostasi.,4429,16,p,Kiitos huolenpidostasi.
19,Kiitos huolenpidostasi.,4491,17,i,Kiitos huolenpidostasi.
19,Kiitos huolenpidostasi.,5084,18,d,Kiitos huolenpidostasi.
19,Kiitos huolenpidostasi.,5209,19,o,Kiitos huolenpidostasi.
19,Kiitos huolenpidostasi.,5334,20,s,Kiitos huolenpidostasi.
19,Kiitos huolenpidostasi.,5459,21,t,Kiitos huolenpidostasi.
19,Kiitos huolenpidostasi.,5521,22,a,Kiitos huolenpidostasi.
19,Kiitos huolenpidostasi.,5833,23,s,Kiitos huolenpidostasi.
19,Kiitos huolenpidostasi.,5958,24,i,Kiitos huolenpidostasi.
19,Kiitos huolenpidostasi.,7580,25,period,Kiitos huolenpidostasi.
20,Ota mitä vain voit.,0,0,Shift_R,Ota mitä vain voit.
20,Ota mitä vain voit.,217,1,O,Ota mitä vain voit.
20,Ota mitä vain voit.,499,2,t,Ota mitä vain voit.
20,Ota mitä vain voit.,560,3,a,Ota mitä vain voit.
20,Ota mitä vain voit.,654,4,space,Ota mitä vain voit.
20,Ota mitä vain voit.,842,5,m,Ota mitä vain voit.
20,Ota mitä vain voit.,935,6,i,Ota mitä vain voit.
20,Ota mitä vain voit.,1092,7,t,Ota mitä vain voit.
20,Ota mitä vain voit.,1279,8,adiaeresis,Ota mitä vain voit.
20,Ota mitä vain voit.,1746,9,space,Ota mitä vain voit.
20,Ota mitä vain voit.,1934,10,v,Ota mitä vain voit.
20,Ota mitä vain voit.,2089,11,a,Ota mitä vain voit.
20,Ota mitä vain voit.,2994,12,a,Ota mitä vain voit.
20,Ota mitä vain voit.,3368,13,BackSpace,Ota mitä vain voit.
20,Ota mitä vain voit.,3649,14,i,Ota mitä vain voit.
20,Ota mitä vain voit.,3805,15,n,Ota mitä vain voit.
20,Ota mitä vain voit.,3899,16,space,Ota mitä vain voit.
20,Ota mitä vain voit.,4055,17,v,Ota mitä vain voit.
20,Ota mitä vain voit.,4305,18,o,Ota mitä vain voit.
20,Ota mitä vain voit.,4368,19,i,Ota mitä vain voit.
20,Ota mitä vain voit.,4648,20,t,Ota mitä vain voit.
20,Ota mitä vain voit.,5522,21,period,Ota mitä vain voit.
21,Mitä sinä kuulet?,0,0,Shift_R,Mitä sinä kuulet?
21,Mitä sinä kuulet?,187,1,M,Mitä sinä kuulet?
21,Mitä sinä kuulet?,343,2,i,Mitä sinä kuulet?
21,Mitä sinä kuulet?,562,3,t,Mitä sinä kuulet?
21,Mitä sinä kuulet?,780,4,adiaeresis,Mitä sinä kuulet?
21,Mitä sinä kuulet?,874,5,space,Mitä sinä kuulet?
21,Mitä sinä kuulet?,1030,6,s,Mitä sinä kuulet?
21,Mitä sinä kuulet?,1155,7,i,Mitä sinä kuulet?
21,Mitä sinä kuulet?,1373,8,n,Mitä sinä kuulet?
21,Mitä sinä kuulet?,1654,9,adiaeresis,Mitä sinä kuulet?
21,Mitä sinä kuulet?,1747,10,space,Mitä sinä kuulet?
21,Mitä sinä kuulet?,2059,11,k,Mitä sinä kuulet?
21,Mitä sinä kuulet?,2247,12,u,Mitä sinä kuulet?
21,Mitä sinä kuulet?,2371,13,u,Mitä sinä kuulet?
21,Mitä sinä kuulet?,2527,14,l,Mitä sinä kuulet?
21,Mitä sinä kuulet?,2652,15,e,Mitä sinä kuulet?
21,Mitä sinä kuulet?,2808,16,t,Mitä sinä kuulet?
21,Mitä sinä kuulet?,3183,17,Shift_R,Mitä sinä kuulet?
21,Mitä sinä kuulet?,3588,18,question,Mitä sinä kuulet?
21,Mitä sinä kuulet?,3588,19,equal,Mitä sinä kuulet?
21,Mitä sinä kuulet?,4462,20,BackSpace,Mitä sinä kuulet?
22,Meidän täytyy jutella tästä kuukaudesta.,0,0,Shift_R,Meidän täytyy jutella tästä kuukaudesta.
22,Meidän täytyy jutella tästä kuukaudesta.,156,1,M,Meidän täytyy jutella tästä kuukaudesta.
22,Meidän täytyy jutella tästä kuukaudesta.,312,2,e,Meidän täytyy jutella tästä kuukaudesta.
22,Meidän täytyy jutella tästä kuukaudesta.,437,3,i,Meidän täytyy jutella tästä kuukaudesta.
22,Meidän täytyy jutella tästä kuukaudesta.,655,4,d,Meidän täytyy jutella tästä kuukaudesta.
22,Meidän täytyy jutella tästä kuukaudesta.,874,5,adiaeresis,Meidän täytyy jutella tästä kuukaudesta.
22,Meidän täytyy jutella tästä kuukaudesta.,967,6,n,Meidän täytyy jutella tästä kuukaudesta.
22,Meidän täytyy jutella tästä kuukaudesta.,1061,7,space,Meidän täytyy jutella tästä kuukaudesta.
22,Meidän täytyy jutella tästä kuukaudesta.,1279,8,t,Meidän täytyy jutella tästä kuukaudesta.
22,Meidän täytyy jutella tästä kuukaudesta.,1435,9,odiaeresis,Meidän täytyy jutella tästä kuukaudesta.
22,Meidän täytyy jutella tästä kuukaudesta.,1621,10,y,Meidän täytyy jutella tästä kuukaudesta.
22,Meidän täytyy jutella tästä kuukaudesta.,1996,11,BackSpace,Meidän täytyy jutella tästä kuukaudesta.
22,Meidän täytyy jutella tästä kuukaudesta.,2121,12,BackSpace,Meidän täytyy jutella tästä kuukaudesta.
22,Meidän täytyy jutella tästä kuukaudesta.,2496,13,adiaeresis,Meidän täytyy jutella tästä kuukaudesta.
22,Meidän täytyy jutella tästä kuukaudesta.,2870,14,y,Meidän täytyy jutella tästä kuukaudesta.
22,Meidän täytyy jutella tästä kuukaudesta.,3245,15,t,Meidän täytyy jutella tästä kuukaudesta.
22,Meidän täytyy jutella tästä kuukaudesta.,3432,16,y,Meidän täytyy jutella tästä kuukaudesta.
22,Meidän täytyy jutella tästä kuukaudesta.,3557,17,y,Meidän täytyy jutella tästä kuukaudesta.
22,Meidän täytyy jutella tästä kuukaudesta.,3650,18,space,Meidän täytyy jutella tästä kuukaudesta.
22,Meidän täytyy jutella tästä kuukaudesta.,3869,19,j,Meidän täytyy jutella tästä kuukaudesta.
22,Meidän täytyy jutella tästä kuukaudesta.,4055,20,u,Meidän täytyy jutella tästä kuukaudesta.
22,Meidän täytyy jutella tästä kuukaudesta.,4274,21,t,Meidän täytyy jutella tästä kuukaudesta.
22,Meidän täytyy jutella tästä kuukaudesta.,4337,22,e,Meidän täytyy jutella tästä kuukaudesta.
22,Meidän täytyy jutella tästä kuukaudesta.,4493,23,l,Meidän täytyy jutella tästä kuukaudesta.
22,Meidän täytyy jutella tästä kuukaudesta.,4586,24,l,Meidän täytyy jutella tästä kuukaudesta.
22,Meidän täytyy jutella tästä kuukaudesta.,4680,25,a,Meidän täytyy jutella tästä kuukaudesta.
22,Meidän täytyy jutella tästä kuukaudesta.,4836,26,space,Meidän täytyy jutella tästä kuukaudesta.
22,Meidän täytyy jutella tästä kuukaudesta.,5117,27,t,Meidän täytyy jutella tästä kuukaudesta.
22,Meidän täytyy jutella tästä kuukaudesta.,5304,28,adiaeresis,Meidän täytyy jutella tästä kuukaudesta.
22,Meidän täytyy jutella tästä kuukaudesta.,5522,29,s,Meidän täytyy jutella tästä kuukaudesta.
22,Meidän täytyy jutella tästä kuukaudesta.,5803,30,t,Meidän täytyy jutella tästä kuukaudesta.
22,Meidän täytyy jutella tästä kuukaudesta.,5959,31,adiaeresis,Meidän täytyy jutella tästä kuukaudesta.
22,Meidän täytyy jutella tästä kuukaudesta.,6022,32,space,Meidän täytyy jutella tästä kuukaudesta.
22,Meidän täytyy jutella tästä kuukaudesta.,6521,33,k,Meidän täytyy jutella tästä kuukaudesta.
22,Meidän täytyy jutella tästä kuukaudesta.,6708,34,u,Meidän täytyy jutella tästä kuukaudesta.
22,Meidän täytyy jutella tästä kuukaudesta.,6802,35,u,Meidän täytyy jutella tästä kuukaudesta.
22,Meidän täytyy jutella tästä kuukaudesta.,6989,36,k,Meidän täytyy jutella tästä kuukaudesta.
22,Meidän täytyy jutella tästä kuukaudesta.,7082,37,a,Meidän täytyy jutella tästä kuukaudesta.
22,Meidän täytyy jutella tästä kuukaudesta.,7238,38,u,Meidän täytyy jutella tästä kuukaudesta.
22,Meidän täytyy jutella tästä kuukaudesta.,7769,39,d,Meidän täytyy jutella tästä kuukaudesta.
22,Meidän täytyy jutella tästä kuukaudesta.,7925,40,e,Meidän täytyy jutella tästä kuukaudesta.
22,Meidän täytyy jutella tästä kuukaudesta.,8081,41,s,Meidän täytyy jutella tästä kuukaudesta.
22,Meidän täytyy jutella tästä kuukaudesta.,8236,42,t,Meidän täytyy jutella tästä kuukaudesta.
22,Meidän täytyy jutella tästä kuukaudesta.,8299,43,a,Meidän täytyy jutella tästä kuukaudesta.
22,Meidän täytyy jutella tästä kuukaudesta.,9078,44,period,Meidän täytyy jutella tästä kuukaudesta.
23,Kuinka niin?,0,0,Shift_R,Kuinka niin?
23,Kuinka niin?,279,1,K,Kuinka niin?
23,Kuinka niin?,529,2,u,Kuinka niin?
23,Kuinka niin?,624,3,i,Kuinka niin?
23,Kuinka niin?,904,4,n,Kuinka niin?
23,Kuinka niin?,1059,5,k,Kuinka niin?
23,Kuinka niin?,1215,6,a,Kuinka niin?
23,Kuinka niin?,1309,7,space,Kuinka niin?
23,Kuinka niin?,1527,8,n,Kuinka niin?
23,Kuinka niin?,1684,9,i,Kuinka niin?
23,Kuinka niin?,1809,10,i,Kuinka niin?
23,Kuinka niin?,1902,11,n,Kuinka niin?
23,Kuinka niin?,2307,12,Shift_R,Kuinka niin?
23,Kuinka niin?,2994,13,question,Kuinka niin?
24,Voitko auttaa minua?,0,0,Shift_R,Voitko auttaa minua?
24,Voitko auttaa minua?,187,1,V,Voitko auttaa minua?
24,Voitko auttaa minua?,405,2,o,Voitko auttaa minua?
24,Voitko auttaa minua?,467,3,i,Voitko auttaa minua?
24,Voitko auttaa minua?,624,4,t,Voitko auttaa minua?
24,Voitko auttaa minua?,779,5,k,Voitko auttaa minua?
24,Voitko auttaa minua?,874,6,o,Voitko auttaa minua?
24,Voitko auttaa minua?,935,7,space,Voitko auttaa minua?
24,Voitko auttaa minua?,1185,8,a,Voitko auttaa minua?
24,Voitko auttaa minua?,1310,9,u,Voitko auttaa minua?
24,Voitko auttaa minua?,1467,10,t,Voitko auttaa minua?
24,Voitko auttaa minua?,1622,11,t,Voitko auttaa minua?
24,Voitko auttaa minua?,1716,12,a,Voitko auttaa minua?
24,Voitko auttaa minua?,1841,13,a,Voitko auttaa minua?
24,Voitko auttaa minua?,1996,14,space,Voitko auttaa minua?
24,Voitko auttaa minua?,2184,15,m,Voitko auttaa minua?
24,Voitko auttaa minua?,2309,16,i,Voitko auttaa minua?
24,Voitko auttaa minua?,2464,17,n,Voitko auttaa minua?
24,Voitko auttaa minua?,2621,18,u,Voitko auttaa minua?
24,Voitko auttaa minua?,2746,19,a,Voitko auttaa minua?
24,Voitko auttaa minua?,3276,20,Shift_R,Voitko auttaa minua?
24,Voitko auttaa minua?,3619,21,question,Voitko auttaa minua?
25,Voitko jo paremmin?,0,0,Shift_R,Voitko jo paremmin?
25,Voitko jo paremmin?,250,1,V,Voitko jo paremmin?
25,Voitko jo paremmin?,467,2,o,Voitko jo paremmin?
25,Voitko jo paremmin?,498,3,i,Voitko jo paremmin?
25,Voitko jo paremmin?,654,4,t,Voitko jo paremmin?
25,Voitko jo paremmin?,842,5,k,Voitko jo paremmin?
25,Voitko jo paremmin?,935,6,o,Voitko jo paremmin?
25,Voitko jo paremmin?,997,7,space,Voitko jo paremmin?
25,Voitko jo paremmin?,1309,8,j,Voitko jo paremmin?
25,Voitko jo paremmin?,1590,9,o,Voitko jo paremmin?
25,Voitko jo paremmin?,1715,10,space,Voitko jo paremmin?
25,Voitko jo paremmin?,1871,11,p,Voitko jo paremmin?
25,Voitko jo paremmin?,1996,12,a,Voitko jo paremmin?
25,Voitko jo paremmin?,2464,13,r,Voitko jo paremmin?
25,Voitko jo paremmin?,2526,14,e,Voitko jo paremmin?
25,Voitko jo paremmin?,2713,15,m,Voitko jo paremmin?
25,Voitko jo paremmin?,2838,16,m,Voitko jo paremmin?
25,Voitko jo paremmin?,2963,17,i,Voitko jo paremmin?
25,Voitko jo paremmin?,3057,18,n,Voitko jo paremmin?
25,Voitko jo paremmin?,3493,19,Shift_R,Voitko jo paremmin?
25,Voitko jo paremmin?,3805,20,question,Voitko jo paremmin?
26,Kävelen juuri sisään.,0,0,Shift_R,Kävelen juuri sisään.
26,Kävelen juuri sisään.,374,1,K,Kävelen juuri sisään.
26,Kävelen juuri sisään.,592,2,adiaeresis,Kävelen juuri sisään.
26,Kävelen juuri sisään.,997,3,v,Kävelen juuri sisään.
26,Kävelen juuri sisään.,1184,4,e,Kävelen juuri sisään.
26,Kävelen juuri sisään.,1466,5,l,Kävelen juuri sisään.
26,Kävelen juuri sisään.,1591,6,e,Kävelen juuri sisään.
26,Kävelen juuri sisään.,1746,7,n,Kävelen juuri sisään.
26,Kävelen juuri sisään.,1809,8,space,Kävelen juuri sisään.
26,Kävelen juuri sisään.,1964,9,j,Kävelen juuri sisään.
26,Kävelen juuri sisään.,2184,10,u,Kävelen juuri sisään.
26,Kävelen juuri sisään.,2276,11,u,Kävelen juuri sisään.
26,Kävelen juuri sisään.,2401,12,r,Kävelen juuri sisään.
26,Kävelen juuri sisään.,2496,13,i,Kävelen juuri sisään.
26,Kävelen juuri sisään.,2588,14,space,Kävelen juuri sisään.
26,Kävelen juuri sisään.,2713,15,s,Kävelen juuri sisään.
26,Kävelen juuri sisään.,2838,16,i,Kävelen juuri sisään.
26,Kävelen juuri sisään.,3368,17,s,Kävelen juuri sisään.
26,Kävelen juuri sisään.,3493,18,adiaeresis,Kävelen juuri sisään.
26,Kävelen juuri sisään.,3618,19,adiaeresis,Kävelen juuri sisään.
26,Kävelen juuri sisään.,3775,20,n,Kävelen juuri sisään.
26,Kävelen juuri sisään.,4773,21,period,Kävelen juuri sisään.
27,Lähetin sen hänelle.,0,0,Shift_R,Lähetin sen hänelle.
27,Lähetin sen hänelle.,437,1,Odiaeresis,Lähetin sen hänelle.
27,Lähetin sen hänelle.,872,2,BackSpace,Lähetin sen hänelle.
27,Lähetin sen hänelle.,1684,3,Shift_R,Lähetin sen hänelle.
27,Lähetin sen hänelle.,1902,4,L,Lähetin sen hänelle.
27,Lähetin sen hänelle.,2152,5,adiaeresis,Lähetin sen hänelle.
27,Lähetin sen hänelle.,2371,6,h,Lähetin sen hänelle.
27,Lähetin sen hänelle.,2838,7,e,Lähetin sen hänelle.
27,Lähetin sen hänelle.,3026,8,t,Lähetin sen hänelle.
27,Lähetin sen hänelle.,3181,9,i,Lähetin sen hänelle.
27,Lähetin sen hänelle.,3276,10,n,Lähetin sen hänelle.
27,Lähetin sen hänelle.,3338,11,space,Lähetin sen hänelle.
27,Lähetin sen hänelle.,3524,12,s,Lähetin sen hänelle.
27,Lähetin sen hänelle.,3588,13,e,Lähetin sen hänelle.
27,Lähetin sen hänelle.,3713,14,n,Lähetin sen hänelle.
27,Lähetin sen hänelle.,3774,15,space,Lähetin sen hänelle.
27,Lähetin sen hänelle.,4336,16,h,Lähetin sen hänelle.
27,Lähetin sen hänelle.,4493,17,adiaeresis,Lähetin sen hänelle.
27,Lähetin sen hänelle.,4805,18,n,Lähetin sen hänelle.
27,Lähetin sen hänelle.,4960,19,e,Lähetin sen hänelle.
27,Lähetin sen hänelle.,5116,20,l,Lähetin sen hänelle.
27,Lähetin sen hänelle.,5210,21,l,Lähetin sen hänelle.
27,Lähetin sen hänelle.,5335,22,e,Lähetin sen hänelle.
27,Lähetin sen hänelle.,6083,23,period,Lähetin sen hänelle.
28,Onko hän valmis vielä?,0,0,Shift_R,Onko hän valmis vielä?
28,Onko hän valmis vielä?,281,1,O,Onko hän valmis vielä?
28,Onko hän valmis vielä?,592,2,n,Onko hän valmis vielä?
28,Onko hän valmis vielä?,779,3,k,Onko hän valmis vielä?
28,Onko hän valmis vielä?,873,4,o,Onko hän valmis vielä?
28,Onko hän valmis vielä?,1092,5,space,Onko hän valmis vielä?
28,Onko hän valmis vielä?,1746,6,h,Onko hän valmis vielä?
28,Onko hän valmis vielä?,1841,7,adiaeresis,Onko hän valmis vielä?
28,Onko hän valmis vielä?,2153,8,n,Onko hän valmis vielä?
28,Onko hän valmis vielä?,2215,9,space,Onko hän valmis vielä?
28,Onko hän valmis vielä?,2401,10,v,Onko hän valmis vielä?
28,Onko hän valmis vielä?,2526,11,a,Onko hän valmis vielä?
28,Onko hän valmis vielä?,2901,12,l,Onko hän valmis vielä?
28,Onko hän valmis vielä?,3056,13,m,Onko hän valmis vielä?
28,Onko hän valmis vielä?,3151,14,i,Onko hän valmis vielä?
28,Onko hän valmis vielä?,3431,15,s,Onko hän valmis vielä?
28,Onko hän valmis vielä?,3556,16,space,Onko hän valmis vielä?
28,Onko hän valmis vielä?,3805,17,v,Onko hän valmis vielä?
28,Onko hän valmis vielä?,3900,18,i,Onko hän valmis vielä?
28,Onko hän valmis vielä?,3993,19,e,Onko hän valmis vielä?
28,Onko hän valmis vielä?,4180,20,l,Onko hän valmis vielä?
28,Onko hän valmis vielä?,4305,21,adiaeresis,Onko hän valmis vielä?
28,Onko hän valmis vielä?,4773,22,Shift_R,Onko hän valmis vielä?
28,Onko hän valmis vielä?,5179,23,question,Onko hän valmis vielä?
29,Saimmeko omamme takaisin?,0,0,Shift_R,Saimmeko omamme takaisin?
29,Saimmeko omamme takaisin?,155,1,S,Saimmeko omamme takaisin?
29,Saimmeko omamme takaisin?,467,2,a,Saimmeko omamme takaisin?
29,Saimmeko omamme takaisin?,624,3,i,Saimmeko omamme takaisin?
29,Saimmeko omamme takaisin?,874,4,m,Saimmeko omamme takaisin?
29,Saimmeko omamme takaisin?,967,5,m,Saimmeko omamme takaisin?
29,Saimmeko omamme takaisin?,1092,6,e,Saimmeko omamme takaisin?
29,Saimmeko omamme takaisin?,1217,7,k,Saimmeko omamme takaisin?
29,Saimmeko omamme takaisin?,1310,8,o,Saimmeko omamme takaisin?
29,Saimmeko omamme takaisin?,1404,9,space,Saimmeko omamme takaisin?
29,Saimmeko omamme takaisin?,1904,10,o,Saimmeko omamme takaisin?
29,Saimmeko omamme takaisin?,2091,11,m,Saimmeko omamme takaisin?
29,Saimmeko omamme takaisin?,2216,12,a,Saimmeko omamme takaisin?
29,Saimmeko omamme takaisin?,2527,13,m,Saimmeko omamme takaisin?
29,Saimmeko omamme takaisin?,2651,14,m,Saimmeko omamme takaisin?
29,Saimmeko omamme takaisin?,2746,15,e,Saimmeko omamme takaisin?
29,Saimmeko omamme takaisin?,2871,16,space,Saimmeko omamme takaisin?
29,Saimmeko omamme takaisin?,3026,17,t,Saimmeko omamme takaisin?
29,Saimmeko omamme takaisin?,3119,18,a,Saimmeko omamme takaisin?
29,Saimmeko omamme takaisin?,3276,19,k,Saimmeko omamme takaisin?
29,Saimmeko omamme takaisin?,3369,20,a,Saimmeko omamme takaisin?
29,Saimmeko omamme takaisin?,3463,21,i,Saimmeko omamme takaisin?
29,Saimmeko omamme takaisin?,3588,22,s,Saimmeko omamme takaisin?
29,Saimmeko omamme takaisin?,3681,23,i,Saimmeko omamme takaisin?
29,Saimmeko omamme takaisin?,3743,24,n,Saimmeko omamme takaisin?
29,Saimmeko omamme takaisin?,4243,25,Shift_R,Saimmeko omamme takaisin?
29,Saimmeko omamme takaisin?,4461,26,question,Saimmeko omamme takaisin?
30,Missä olet?,0,0,Shift_R,Missä olet?
30,Missä olet?,312,1,M,Missä olet?
30,Missä olet?,437,2,i,Missä olet?
30,Missä olet?,718,3,s,Missä olet?
30,Missä olet?,874,4,s,Missä olet?
30,Missä olet?,936,5,adiaeresis,Missä olet?
30,Missä olet?,1030,6,space,Missä olet?
30,Missä olet?,1186,7,o,Missä olet?
30,Missä olet?,1342,8,l,Missä olet?
30,Missä olet?,1436,9,e,Missä olet?
30,Missä olet?,1592,10,t,Missä olet?
30,Missä olet?,1966,11,Shift_R,Missä olet?
30,Missä olet?,2216,12,question,Missä olet?
31,Voin palata aikaisemmin.,0,0,Shift_R,Voin palata aikaisemmin.
31,Voin palata aikaisemmin.,217,1,V,Voin palata aikaisemmin.
31,Voin palata aikaisemmin.,436,2,o,Voin palata aikaisemmin.
31,Voin palata aikaisemmin.,467,3,i,Voin palata aikaisemmin.
31,Voin palata aikaisemmin.,686,4,n,Voin palata aikaisemmin.
31,Voin palata aikaisemmin.,747,5,space,Voin palata aikaisemmin.
31,Voin palata aikaisemmin.,997,6,p,Voin palata aikaisemmin.
31,Voin palata aikaisemmin.,1092,7,a,Voin palata aikaisemmin.
31,Voin palata aikaisemmin.,1247,8,l,Voin palata aikaisemmin.
31,Voin palata aikaisemmin.,1279,9,a,Voin palata aikaisemmin.
31,Voin palata aikaisemmin.,1621,10,t,Voin palata aikaisemmin.
31,Voin palata aikaisemmin.,1871,11,a,Voin palata aikaisemmin.
31,Voin palata aikaisemmin.,2059,12,space,Voin palata aikaisemmin.
31,Voin palata aikaisemmin.,2308,13,a,Voin palata aikaisemmin.
31,Voin palata aikaisemmin.,2526,14,i,Voin palata aikaisemmin.
31,Voin palata aikaisemmin.,2713,15,k,Voin palata aikaisemmin.
31,Voin palata aikaisemmin.,2870,16,a,Voin palata aikaisemmin.
31,Voin palata aikaisemmin.,2995,17,i,Voin palata aikaisemmin.
31,Voin palata aikaisemmin.,3120,18,s,Voin palata aikaisemmin.
31,Voin palata aikaisemmin.,3213,19,e,Voin palata aikaisemmin.
31,Voin palata aikaisemmin.,3368,20,m,Voin palata aikaisemmin.
31,Voin palata aikaisemmin.,3463,21,m,Voin palata aikaisemmin.
31,Voin palata aikaisemmin.,3588,22,i,Voin palata aikaisemmin.
31,Voin palata aikaisemmin.,3650,23,n,Voin palata aikaisemmin.
31,Voin palata aikaisemmin.,4368,24,period,Voin palata aikaisemmin.
32,Soita huomenna jos pystyt.,0,0,Shift_R,Soita huomenna jos pystyt.
32,Soita huomenna jos pystyt.,187,1,S,Soita huomenna jos pystyt.
32,Soita huomenna jos pystyt.,406,2,o,Soita huomenna jos pystyt.
32,Soita huomenna jos pystyt.,437,3,i,Soita huomenna jos pystyt.
32,Soita huomenna jos pystyt.,686,4,t,Soita huomenna jos pystyt.
32,Soita huomenna jos pystyt.,780,5,a,Soita huomenna jos pystyt.
32,Soita huomenna jos pystyt.,1342,6,space,Soita huomenna jos pystyt.
32,Soita huomenna jos pystyt.,1560,7,h,Soita huomenna jos pystyt.
32,Soita huomenna jos pystyt.,1903,8,u,Soita huomenna jos pystyt.
32,Soita huomenna jos pystyt.,2496,9,o,Soita huomenna jos pystyt.
32,Soita huomenna jos pystyt.,2746,10,m,Soita huomenna jos pystyt.
32,Soita huomenna jos pystyt.,2902,11,e,Soita huomenna jos pystyt.
32,Soita huomenna jos pystyt.,3026,12,n,Soita huomenna jos pystyt.
32,Soita huomenna jos pystyt.,3151,13,n,Soita huomenna jos pystyt.
32,Soita huomenna jos pystyt.,3214,14,a,Soita huomenna jos pystyt.
32,Soita huomenna jos pystyt.,3338,15,space,Soita huomenna jos pystyt.
32,Soita huomenna jos pystyt.,3494,16,j,Soita huomenna jos pystyt.
32,Soita huomenna jos pystyt.,3588,17,o,Soita huomenna jos pystyt.
32,Soita huomenna jos pystyt.,3744,18,s,Soita huomenna jos pystyt.
32,Soita huomenna jos pystyt.,3838,19,space,Soita huomenna jos pystyt.
32,Soita huomenna jos pystyt.,4087,20,p,Soita huomenna jos pystyt.
32,Soita huomenna jos pystyt.,4274,21,y,Soita huomenna jos pystyt.
32,Soita huomenna jos pystyt.,4430,22,s,Soita huomenna jos pystyt.
32,Soita huomenna jos pystyt.,4649,23,t,Soita huomenna jos pystyt.
32,Soita huomenna jos pystyt.,4774,24,y,Soita huomenna jos pystyt.
32,Soita huomenna jos pystyt.,4961,25,s,Soita huomenna jos pystyt.
32,Soita huomenna jos pystyt.,5366,26,BackSpace,Soita huomenna jos pystyt.
32,Soita huomenna jos pystyt.,5429,27,t,Soita huomenna jos pystyt.
32,Soita huomenna jos pystyt.,6708,28,period,Soita huomenna jos pystyt.
33,Kokeilen uudestaan.,0,0,Shift_R,Kokeilen uudestaan.
33,Kokeilen uudestaan.,219,1,K,Kokeilen uudestaan.
33,Kokeilen uudestaan.,406,2,o,Kokeilen uudestaan.
33,Kokeilen uudestaan.,624,3,k,Kokeilen uudestaan.
33,Kokeilen uudestaan.,717,4,e,Kokeilen uudestaan.
33,Kokeilen uudestaan.,842,5,i,Kokeilen uudestaan.
33,Kokeilen uudestaan.,1061,6,l,Kokeilen uudestaan.
33,Kokeilen uudestaan.,1404,7,e,Kokeilen uudestaan.
33,Kokeilen uudestaan.,1498,8,n,Kokeilen uudestaan.
33,Kokeilen uudestaan.,1559,9,space,Kokeilen uudestaan.
33,Kokeilen uudestaan.,1841,10,u,Kokeilen uudestaan.
33,Kokeilen uudestaan.,1934,11,u,Kokeilen uudestaan.
33,Kokeilen uudestaan.,2215,12,d,Kokeilen uudestaan.
33,Kokeilen uudestaan.,2371,13,e,Kokeilen uudestaan.
33,Kokeilen uudestaan.,2559,14,s,Kokeilen uudestaan.
33,Kokeilen uudestaan.,2715,15,t,Kokeilen uudestaan.
33,Kokeilen uudestaan.,3088,16,a,Kokeilen uudestaan.
33,Kokeilen uudestaan.,3245,17,a,Kokeilen uudestaan.
33,Kokeilen uudestaan.,3401,18,n,Kokeilen uudestaan.
33,Kokeilen uudestaan.,4118,19,period,Kokeilen uudestaan.
34,Olen tulossa.,0,0,Shift_R,Olen tulossa.
34,Olen tulossa.,155,1,O,Olen tulossa.
34,Olen tulossa.,405,2,l,Olen tulossa.
34,Olen tulossa.,812,3,e,Olen tulossa.
34,Olen tulossa.,935,4,n,Olen tulossa.
34,Olen tulossa.,998,5,space,Olen tulossa.
34,Olen tulossa.,1279,6,t,Olen tulossa.
34,Olen tulossa.,1404,7,u,Olen tulossa.
34,Olen tulossa.,1497,8,o,Olen tulossa.
34,Olen tulossa.,2059,9,BackSpace,Olen tulossa.
34,Olen tulossa.,2339,10,l,Olen tulossa.
34,Olen tulossa.,2589,11,o,Olen tulossa.
34,Olen tulossa.,2776,12,s,Olen tulossa.
34,Olen tulossa.,2901,13,s,Olen tulossa.
34,Olen tulossa.,3057,14,a,Olen tulossa.
34,Olen tulossa.,3712,15,period,Olen tulossa.
35,Voitko auttaa?,0,0,Shift_R,Voitko auttaa?
35,Voitko auttaa?,125,1,V,Voitko auttaa?
35,Voitko auttaa?,343,2,o,Voitko auttaa?
35,Voitko auttaa?,405,3,i,Voitko auttaa?
35,Voitko auttaa?,530,4,t,Voitko auttaa?
35,Voitko auttaa?,717,5,k,Voitko auttaa?
35,Voitko auttaa?,812,6,o,Voitko auttaa?
35,Voitko auttaa?,874,7,space,Voitko auttaa?
35,Voitko auttaa?,1154,8,a,Voitko auttaa?
35,Voitko auttaa?,1310,9,u,Voitko auttaa?
35,Voitko auttaa?,1435,10,t,Voitko auttaa?
35,Voitko auttaa?,1559,11,t,Voitko auttaa?
35,Voitko auttaa?,1654,12,a,Voitko auttaa?
35,Voitko auttaa?,1809,13,a,Voitko auttaa?
35,Voitko auttaa?,2527,14,Shift_R,Voitko auttaa?
35,Voitko auttaa?,2684,15,question,Voitko auttaa?
36,Lähettäisitkö minulle sähköpostia?,0,0,Shift_R,Lähettäisitkö minulle sähköpostia?
36,Lähettäisitkö minulle sähköpostia?,499,1,L,Lähettäisitkö minulle sähköpostia?
36,Lähettäisitkö minulle sähköpostia?,779,2,adiaeresis,Lähettäisitkö minulle sähköpostia?
36,Lähettäisitkö minulle sähköpostia?,997,3,h,Lähettäisitkö minulle sähköpostia?
36,Lähettäisitkö minulle sähköpostia?,1185,4,e,Lähettäisitkö minulle sähköpostia?
36,Lähettäisitkö minulle sähköpostia?,1434,5,t,Lähettäisitkö minulle sähköpostia?
36,Lähettäisitkö minulle sähköpostia?,1529,6,t,Lähettäisitkö minulle sähköpostia?
36,Lähettäisitkö minulle sähköpostia?,1716,7,adiaeresis,Lähettäisitkö minulle sähköpostia?
36,Lähettäisitkö minulle sähköpostia?,1871,8,i,Lähettäisitkö minulle sähköpostia?
36,Lähettäisitkö minulle sähköpostia?,2309,9,s,Lähettäisitkö minulle sähköpostia?
36,Lähettäisitkö minulle sähköpostia?,2401,10,i,Lähettäisitkö minulle sähköpostia?
36,Lähettäisitkö minulle sähköpostia?,3057,11,t,Lähettäisitkö minulle sähköpostia?
36,Lähettäisitkö minulle sähköpostia?,3244,12,k,Lähettäisitkö minulle sähköpostia?
36,Lähettäisitkö minulle sähköpostia?,3338,13,o,Lähettäisitkö minulle sähköpostia?
36,Lähettäisitkö minulle sähköpostia?,3774,14,BackSpace,Lähettäisitkö minulle sähköpostia?
36,Lähettäisitkö minulle sähköpostia?,3993,15,odiaeresis,Lähettäisitkö minulle sähköpostia?
36,Lähettäisitkö minulle sähköpostia?,4180,16,space,Lähettäisitkö minulle sähköpostia?
36,Lähettäisitkö minulle sähköpostia?,4398,17,m,Lähettäisitkö minulle sähköpostia?
36,Lähettäisitkö minulle sähköpostia?,4898,18,i,Lähettäisitkö minulle sähköpostia?
36,Lähettäisitkö minulle sähköpostia?,5116,19,n,Lähettäisitkö minulle sähköpostia?
36,Lähettäisitkö minulle sähköpostia?,5273,20,u,Lähettäisitkö minulle sähköpostia?
36,Lähettäisitkö minulle sähköpostia?,5460,21,l,Lähettäisitkö minulle sähköpostia?
36,Lähettäisitkö minulle sähköpostia?,5553,22,l,Lähettäisitkö minulle sähköpostia?
36,Lähettäisitkö minulle sähköpostia?,5677,23,e,Lähettäisitkö minulle sähköpostia?
36,Lähettäisitkö minulle sähköpostia?,5772,24,space,Lähettäisitkö minulle sähköpostia?
36,Lähettäisitkö minulle sähköpostia?,5990,25,s,Lähettäisitkö minulle sähköpostia?
36,Lähettäisitkö minulle sähköpostia?,6083,26,adiaeresis,Lähettäisitkö minulle sähköpostia?
36,Lähettäisitkö minulle sähköpostia?,6645,27,h,Lähettäisitkö minulle sähköpostia?
36,Lähettäisitkö minulle sähköpostia?,6957,28,k,Lähettäisitkö minulle sähköpostia?
36,Lähettäisitkö minulle sähköpostia?,7144,29,odiaeresis,Lähettäisitkö minulle sähköpostia?
36,Lähettäisitkö minulle sähköpostia?,7425,30,p,Lähettäisitkö minulle sähköpostia?
36,Lähettäisitkö minulle sähköpostia?,7612,31,o,Lähettäisitkö minulle sähköpostia?
36,Lähettäisitkö minulle sähköpostia?,7705,32,s,Lähettäisitkö minulle sähköpostia?
36,Lähettäisitkö minulle sähköpostia?,7830,33,t,Lähettäisitkö minulle sähköpostia?
36,Lähettäisitkö minulle sähköpostia?,7955,34,i,Lähettäisitkö minulle sähköpostia?
36,Lähettäisitkö minulle sähköpostia?,8329,35,a,Lähettäisitkö minulle sähköpostia?
36,Lähettäisitkö minulle sähköpostia?,9983,36,Shift_R,Lähettäisitkö minulle sähköpostia?
36,Lähettäisitkö minulle sähköpostia?,10264,37,question,Lähettäisitkö minulle sähköpostia?
37,Mikä on vialla,0,0,Shift_R,Mikä on vialla
37,Mikä on vialla,530,1,M,Mikä on vialla
37,Mikä on vialla,530,2,N,Mikä on vialla
37,Mikä on vialla,655,3,i,Mikä on vialla
37,Mikä on vialla,1247,4,BackSpace,Mikä on vialla
37,Mikä on vialla,1342,5,BackSpace,Mikä on vialla
37,Mikä on vialla,1559,6,i,Mikä on vialla
37,Mikä on vialla,1809,7,k,Mikä on vialla
37,Mikä on vialla,1996,8,adiaeresis,Mikä on vialla
37,Mikä on vialla,2059,9,space,Mikä on vialla
37,Mikä on vialla,2246,10,o,Mikä on vialla
37,Mikä on vialla,2309,11,n,Mikä on vialla
37,Mikä on vialla,2402,12,space,Mikä on vialla
37,Mikä on vialla,2901,13,v,Mikä on vialla
37,Mikä on vialla,2995,14,i,Mikä on vialla
37,Mikä on vialla,3213,15,a,Mikä on vialla
37,Mikä on vialla,3369,16,l,Mikä on vialla
37,Mikä on vialla,3494,17,l,Mikä on vialla
37,Mikä on vialla,3587,18,a,Mikä on vialla
37,Mikä on vialla,4024,19,Shift_R,Mikä on vialla
37,Mikä on vialla,4555,20,Multi_key,Mikä on vialla
38,Tapahtuiko tuo?,0,0,Shift_R,Tapahtuiko tuo?
38,Tapahtuiko tuo?,249,1,T,Tapahtuiko tuo?
38,Tapahtuiko tuo?,437,2,a,Tapahtuiko tuo?
38,Tapahtuiko tuo?,655,3,p,Tapahtuiko tuo?
38,Tapahtuiko tuo?,811,4,a,Tapahtuiko tuo?
38,Tapahtuiko tuo?,1092,5,h,Tapahtuiko tuo?
38,Tapahtuiko tuo?,1497,6,t,Tapahtuiko tuo?
38,Tapahtuiko tuo?,1622,7,u,Tapahtuiko tuo?
38,Tapahtuiko tuo?,1685,8,i,Tapahtuiko tuo?
38,Tapahtuiko tuo?,2402,9,k,Tapahtuiko tuo?
38,Tapahtuiko tuo?,2683,10,odiaeresis,Tapahtuiko tuo?
38,Tapahtuiko tuo?,3213,11,BackSpace,Tapahtuiko tuo?
38,Tapahtuiko tuo?,3463,12,o,Tapahtuiko tuo?
38,Tapahtuiko tuo?,3744,13,space,Tapahtuiko tuo?
38,Tapahtuiko tuo?,4087,14,t,Tapahtuiko tuo?
38,Tapahtuiko tuo?,4243,15,u,Tapahtuiko tuo?
38,Tapahtuiko tuo?,4337,16,o,Tapahtuiko tuo?
38,Tapahtuiko tuo?,4867,17,Shift_R,Tapahtuiko tuo?
38,Tapahtuiko tuo?,5179,18,question,Tapahtuiko tuo?
39,Onko se ohi?,0,0,Shift_R,Onko se ohi?
39,Onko se ohi?,375,1,O,Onko se ohi?
39,Onko se ohi?,655,2,n,Onko se ohi?
39,Onko se ohi?,843,3,k,Onko se ohi?
39,Onko se ohi?,905,4,o,Onko se ohi?
39,Onko se ohi?,1030,5,space,Onko se ohi?
39,Onko se ohi?,1279,6,s,Onko se ohi?
39,Onko se ohi?,1311,7,e,Onko se ohi?
39,Onko se ohi?,1560,8,space,Onko se ohi?
39,Onko se ohi?,1685,9,o,Onko se ohi?
39,Onko se ohi?,2121,10,h,Onko se ohi?
39,Onko se ohi?,2340,11,i,Onko se ohi?
39,Onko se ohi?,2902,12,Shift_R,Onko se ohi?
39,Onko se ohi?,3213,13,question,Onko se ohi?
40,Se olisi hienoa.,0,0,Shift_R,Se olisi hienoa.
40,Se olisi hienoa.,124,1,S,Se olisi hienoa.
40,Se olisi hienoa.,342,2,e,Se olisi hienoa.
40,Se olisi hienoa.,499,3,space,Se olisi hienoa.
40,Se olisi hienoa.,686,4,o,Se olisi hienoa.
40,Se olisi hienoa.,872,5,l,Se olisi hienoa.
40,Se olisi hienoa.,936,6,i,Se olisi hienoa.
40,Se olisi hienoa.,1059,7,s,Se olisi hienoa.
40,Se olisi hienoa.,1154,8,i,Se olisi hienoa.
40,Se olisi hienoa.,1247,9,space,Se olisi hienoa.
40,Se olisi hienoa.,1684,10,h,Se olisi hienoa.
40,Se olisi hienoa.,2214,11,i,Se olisi hienoa.
40,Se olisi hienoa.,2433,12,e,Se olisi hienoa.
40,Se olisi hienoa.,2683,13,n,Se olisi hienoa.
40,Se olisi hienoa.,2776,14,o,Se olisi hienoa.
40,Se olisi hienoa.,2994,15,a,Se olisi hienoa.
40,Se olisi hienoa.,4180,16,period,Se olisi hienoa.
41,Tarvitsetko sen tänään?,0,0,Shift_R,Tarvitsetko sen tänään?
41,Tarvitsetko sen tänään?,155,1,T,Tarvitsetko sen tänään?
41,Tarvitsetko sen tänään?,250,2,a,Tarvitsetko sen tänään?
41,Tarvitsetko sen tänään?,405,3,r,Tarvitsetko sen tänään?
41,Tarvitsetko sen tänään?,1029,4,v,Tarvitsetko sen tänään?
41,Tarvitsetko sen tänään?,1247,5,i,Tarvitsetko sen tänään?
41,Tarvitsetko sen tänään?,1372,6,t,Tarvitsetko sen tänään?
41,Tarvitsetko sen tänään?,1653,7,s,Tarvitsetko sen tänään?
41,Tarvitsetko sen tänään?,1715,8,e,Tarvitsetko sen tänään?
41,Tarvitsetko sen tänään?,2027,9,t,Tarvitsetko sen tänään?
41,Tarvitsetko sen tänään?,2215,10,k,Tarvitsetko sen tänään?
41,Tarvitsetko sen tänään?,2339,11,o,Tarvitsetko sen tänään?
41,Tarvitsetko sen tänään?,2464,12,space,Tarvitsetko sen tänään?
41,Tarvitsetko sen tänään?,2807,13,s,Tarvitsetko sen tänään?
41,Tarvitsetko sen tänään?,2870,14,e,Tarvitsetko sen tänään?
41,Tarvitsetko sen tänään?,2995,15,n,Tarvitsetko sen tänään?
41,Tarvitsetko sen tänään?,3057,16,space,Tarvitsetko sen tänään?
41,Tarvitsetko sen tänään?,3213,17,t,Tarvitsetko sen tänään?
41,Tarvitsetko sen tänään?,3400,18,adiaeresis,Tarvitsetko sen tänään?
41,Tarvitsetko sen tänään?,3681,19,h,Tarvitsetko sen tänään?
41,Tarvitsetko sen tänään?,4180,20,BackSpace,Tarvitsetko sen tänään?
41,Tarvitsetko sen tänään?,4399,21,n,Tarvitsetko sen tänään?
41,Tarvitsetko sen tänään?,4929,22,adiaeresis,Tarvitsetko sen tänään?
41,Tarvitsetko sen tänään?,5085,23,adiaeresis,Tarvitsetko sen tänään?
41,Tarvitsetko sen tänään?,5335,24,n,Tarvitsetko sen tänään?
41,Tarvitsetko sen tänään?,5740,25,Shift_R,Tarvitsetko sen tänään?
41,Tarvitsetko sen tänään?,6395,26,question,Tarvitsetko sen tänään?
42,Voimme juoda viiniä ja jakaa kuulumisia.,0,0,Shift_R,Voimme juoda viiniä ja jakaa kuulumisia.
42,Voimme juoda viiniä ja jakaa kuulumisia.,92,1,V,Voimme juoda viiniä ja jakaa kuulumisia.
42,Voimme juoda viiniä ja jakaa kuulumisia.,342,2,o,Voimme juoda viiniä ja jakaa kuulumisia.
42,Voimme juoda viiniä ja jakaa kuulumisia.,437,3,i,Voimme juoda viiniä ja jakaa kuulumisia.
42,Voimme juoda viiniä ja jakaa kuulumisia.,749,4,m,Voimme juoda viiniä ja jakaa kuulumisia.
42,Voimme juoda viiniä ja jakaa kuulumisia.,872,5,m,Voimme juoda viiniä ja jakaa kuulumisia.
42,Voimme juoda viiniä ja jakaa kuulumisia.,967,6,e,Voimme juoda viiniä ja jakaa kuulumisia.
42,Voimme juoda viiniä ja jakaa kuulumisia.,1122,7,space,Voimme juoda viiniä ja jakaa kuulumisia.
42,Voimme juoda viiniä ja jakaa kuulumisia.,1404,8,j,Voimme juoda viiniä ja jakaa kuulumisia.
42,Voimme juoda viiniä ja jakaa kuulumisia.,1559,9,o,Voimme juoda viiniä ja jakaa kuulumisia.
42,Voimme juoda viiniä ja jakaa kuulumisia.,2121,10,BackSpace,Voimme juoda viiniä ja jakaa kuulumisia.
42,Voimme juoda viiniä ja jakaa kuulumisia.,2339,11,u,Voimme juoda viiniä ja jakaa kuulumisia.
42,Voimme juoda viiniä ja jakaa kuulumisia.,2558,12,o,Voimme juoda viiniä ja jakaa kuulumisia.
42,Voimme juoda viiniä ja jakaa kuulumisia.,2901,13,d,Voimme juoda viiniä ja jakaa kuulumisia.
42,Voimme juoda viiniä ja jakaa kuulumisia.,3088,14,a,Voimme juoda viiniä ja jakaa kuulumisia.
42,Voimme juoda viiniä ja jakaa kuulumisia.,3244,15,space,Voimme juoda viiniä ja jakaa kuulumisia.
42,Voimme juoda viiniä ja jakaa kuulumisia.,3493,16,v,Voimme juoda viiniä ja jakaa kuulumisia.
42,Voimme juoda viiniä ja jakaa kuulumisia.,3618,17,i,Voimme juoda viiniä ja jakaa kuulumisia.
42,Voimme juoda viiniä ja jakaa kuulumisia.,3743,18,i,Voimme juoda viiniä ja jakaa kuulumisia.
42,Voimme juoda viiniä ja jakaa kuulumisia.,4025,19,n,Voimme juoda viiniä ja jakaa kuulumisia.
42,Voimme juoda viiniä ja jakaa kuulumisia.,4118,20,i,Voimme juoda viiniä ja jakaa kuulumisia.
42,Voimme juoda viiniä ja jakaa kuulumisia.,4493,21,adiaeresis,Voimme juoda viiniä ja jakaa kuulumisia.
42,Voimme juoda viiniä ja jakaa kuulumisia.,4616,22,space,Voimme juoda viiniä ja jakaa kuulumisia.
42,Voimme juoda viiniä ja jakaa kuulumisia.,4835,23,j,Voimme juoda viiniä ja jakaa kuulumisia.
42,Voimme juoda viiniä ja jakaa kuulumisia.,4928,24,a,Voimme juoda viiniä ja jakaa kuulumisia.
42,Voimme juoda viiniä ja jakaa kuulumisia.,4991,25,space,Voimme juoda viiniä ja jakaa kuulumisia.
42,Voimme juoda viiniä ja jakaa kuulumisia.,5677,26,t,Voimme juoda viiniä ja jakaa kuulumisia.
42,Voimme juoda viiniä ja jakaa kuulumisia.,6020,27,BackSpace,Voimme juoda viiniä ja jakaa kuulumisia.
42,Voimme juoda viiniä ja jakaa kuulumisia.,6208,28,j,Voimme juoda viiniä ja jakaa kuulumisia.
42,Voimme juoda viiniä ja jakaa kuulumisia.,6520,29,k,Voimme juoda viiniä ja jakaa kuulumisia.
42,Voimme juoda viiniä ja jakaa kuulumisia.,6739,30,a,Voimme juoda viiniä ja jakaa kuulumisia.
42,Voimme juoda viiniä ja jakaa kuulumisia.,7019,31,BackSpace,Voimme juoda viiniä ja jakaa kuulumisia.
42,Voimme juoda viiniä ja jakaa kuulumisia.,7112,32,BackSpace,Voimme juoda viiniä ja jakaa kuulumisia.
42,Voimme juoda viiniä ja jakaa kuulumisia.,7237,33,BackSpace,Voimme juoda viiniä ja jakaa kuulumisia.
42,Voimme juoda viiniä ja jakaa kuulumisia.,7861,34,j,Voimme juoda viiniä ja jakaa kuulumisia.
42,Voimme juoda viiniä ja jakaa kuulumisia.,7986,35,a,Voimme juoda viiniä ja jakaa kuulumisia.
42,Voimme juoda viiniä ja jakaa kuulumisia.,8174,36,k,Voimme juoda viiniä ja jakaa kuulumisia.
42,Voimme juoda viiniä ja jakaa kuulumisia.,8299,37,a,Voimme juoda viiniä ja jakaa kuulumisia.
42,Voimme juoda viiniä ja jakaa kuulumisia.,8424,38,a,Voimme juoda viiniä ja jakaa kuulumisia.
42,Voimme juoda viiniä ja jakaa kuulumisia.,8549,39,space,Voimme juoda viiniä ja jakaa kuulumisia.
42,Voimme juoda viiniä ja jakaa kuulumisia.,8861,40,k,Voimme juoda viiniä ja jakaa kuulumisia.
42,Voimme juoda viiniä ja jakaa kuulumisia.,9048,41,u,Voimme juoda viiniä ja jakaa kuulumisia.
42,Voimme juoda viiniä ja jakaa kuulumisia.,9141,42,u,Voimme juoda viiniä ja jakaa kuulumisia.
42,Voimme juoda viiniä ja jakaa kuulumisia.,9359,43,l,Voimme juoda viiniä ja jakaa kuulumisia.
42,Voimme juoda viiniä ja jakaa kuulumisia.,9453,44,i,Voimme juoda viiniä ja jakaa kuulumisia.
42,Voimme juoda viiniä ja jakaa kuulumisia.,9889,45,BackSpace,Voimme juoda viiniä ja jakaa kuulumisia.
42,Voimme juoda viiniä ja jakaa kuulumisia.,10108,46,u,Voimme juoda viiniä ja jakaa kuulumisia.
42,Voimme juoda viiniä ja jakaa kuulumisia.,10358,47,m,Voimme juoda viiniä ja jakaa kuulumisia.
42,Voimme juoda viiniä ja jakaa kuulumisia.,10388,48,i,Voimme juoda viiniä ja jakaa kuulumisia.
42,Voimme juoda viiniä ja jakaa kuulumisia.,10608,49,s,Voimme juoda viiniä ja jakaa kuulumisia.
42,Voimme juoda viiniä ja jakaa kuulumisia.,10700,50,i,Voimme juoda viiniä ja jakaa kuulumisia.
42,Voimme juoda viiniä ja jakaa kuulumisia.,11045,51,a,Voimme juoda viiniä ja jakaa kuulumisia.
42,Voimme juoda viiniä ja jakaa kuulumisia.,12542,52,comma,Voimme juoda viiniä ja jakaa kuulumisia.
42,Voimme juoda viiniä ja jakaa kuulumisia.,13384,53,BackSpace,Voimme juoda viiniä ja jakaa kuulumisia.
42,Voimme juoda viiniä ja jakaa kuulumisia.,13977,54,period,Voimme juoda viiniä ja jakaa kuulumisia.
43,Nähdään kolmannella.,0,0,Shift_R,Nähdään kolmannella.
43,Nähdään kolmannella.,156,1,N,Nähdään kolmannella.
43,Nähdään kolmannella.,312,2,adiaeresis,Nähdään kolmannella.
43,Nähdään kolmannella.,406,3,h,Nähdään kolmannella.
43,Nähdään kolmannella.,811,4,d,Nähdään kolmannella.
43,Nähdään kolmannella.,967,5,adiaeresis,Nähdään kolmannella.
43,Nähdään kolmannella.,1092,6,adiaeresis,Nähdään kolmannella.
43,Nähdään kolmannella.,1279,7,n,Nähdään kolmannella.
43,Nähdään kolmannella.,1373,8,space,Nähdään kolmannella.
43,Nähdään kolmannella.,1654,9,k,Nähdään kolmannella.
43,Nähdään kolmannella.,1716,10,o,Nähdään kolmannella.
43,Nähdään kolmannella.,1966,11,l,Nähdään kolmannella.
43,Nähdään kolmannella.,2184,12,m,Nähdään kolmannella.
43,Nähdään kolmannella.,2559,13,a,Nähdään kolmannella.
43,Nähdään kolmannella.,2871,14,BackSpace,Nähdään kolmannella.
43,Nähdään kolmannella.,2963,15,BackSpace,Nähdään kolmannella.
43,Nähdään kolmannella.,3681,16,m,Nähdään kolmannella.
43,Nähdään kolmannella.,3806,17,a,Nähdään kolmannella.
43,Nähdään kolmannella.,4337,18,n,Nähdään kolmannella.
43,Nähdään kolmannella.,4462,19,n,Nähdään kolmannella.
43,Nähdään kolmannella.,4618,20,e,Nähdään kolmannella.
43,Nähdään kolmannella.,4773,21,l,Nähdään kolmannella.
43,Nähdään kolmannella.,4898,22,l,Nähdään kolmannella.
43,Nähdään kolmannella.,5023,23,a,Nähdään kolmannella.
43,Nähdään kolmannella.,6209,24,period,Nähdään kolmannella.
44,Toivottavasti teille kuuluu hyvää.,0,0,Shift_R,Toivottavasti teille kuuluu hyvää.
44,Toivottavasti teille kuuluu hyvää.,2090,1,Shift_R,Toivottavasti teille kuuluu hyvää.
44,Toivottavasti teille kuuluu hyvää.,2340,2,T,Toivottavasti teille kuuluu hyvää.
44,Toivottavasti teille kuuluu hyvää.,2620,3,o,Toivottavasti teille kuuluu hyvää.
44,Toivottavasti teille kuuluu hyvää.,2683,4,i,Toivottavasti teille kuuluu hyvää.
44,Toivottavasti teille kuuluu hyvää.,2870,5,v,Toivottavasti teille kuuluu hyvää.
44,Toivottavasti teille kuuluu hyvää.,2995,6,o,Toivottavasti teille kuuluu hyvää.
44,Toivottavasti teille kuuluu hyvää.,3182,7,t,Toivottavasti teille kuuluu hyvää.
44,Toivottavasti teille kuuluu hyvää.,3307,8,t,Toivottavasti teille kuuluu hyvää.
44,Toivottavasti teille kuuluu hyvää.,3432,9,a,Toivottavasti teille kuuluu hyvää.
44,Toivottavasti teille kuuluu hyvää.,3680,10,v,Toivottavasti teille kuuluu hyvää.
44,Toivottavasti teille kuuluu hyvää.,3775,11,a,Toivottavasti teille kuuluu hyvää.
44,Toivottavasti teille kuuluu hyvää.,3930,12,s,Toivottavasti teille kuuluu hyvää.
44,Toivottavasti teille kuuluu hyvää.,4024,13,t,Toivottavasti teille kuuluu hyvää.
44,Toivottavasti teille kuuluu hyvää.,4180,14,i,Toivottavasti teille kuuluu hyvää.
44,Toivottavasti teille kuuluu hyvää.,4305,15,space,Toivottavasti teille kuuluu hyvää.
44,Toivottavasti teille kuuluu hyvää.,4585,16,t,Toivottavasti teille kuuluu hyvää.
44,Toivottavasti teille kuuluu hyvää.,4680,17,e,Toivottavasti teille kuuluu hyvää.
44,Toivottavasti teille kuuluu hyvää.,4804,18,i,Toivottavasti teille kuuluu hyvää.
44,Toivottavasti teille kuuluu hyvää.,5677,19,l,Toivottavasti teille kuuluu hyvää.
44,Toivottavasti teille kuuluu hyvää.,5802,20,l,Toivottavasti teille kuuluu hyvää.
44,Toivottavasti teille kuuluu hyvää.,5927,21,e,Toivottavasti teille kuuluu hyvää.
44,Toivottavasti teille kuuluu hyvää.,6021,22,space,Toivottavasti teille kuuluu hyvää.
44,Toivottavasti teille kuuluu hyvää.,6240,23,k,Toivottavasti teille kuuluu hyvää.
44,Toivottavasti teille kuuluu hyvää.,6427,24,u,Toivottavasti teille kuuluu hyvää.
44,Toivottavasti teille kuuluu hyvää.,6519,25,u,Toivottavasti teille kuuluu hyvää.
44,Toivottavasti teille kuuluu hyvää.,6707,26,l,Toivottavasti teille kuuluu hyvää.
44,Toivottavasti teille kuuluu hyvää.,6926,27,u,Toivottavasti teille kuuluu hyvää.
44,Toivottavasti teille kuuluu hyvää.,7019,28,u,Toivottavasti teille kuuluu hyvää.
44,Toivottavasti teille kuuluu hyvää.,7176,29,space,Toivottavasti teille kuuluu hyvää.
44,Toivottavasti teille kuuluu hyvää.,7424,30,h,Toivottavasti teille kuuluu hyvää.
44,Toivottavasti teille kuuluu hyvää.,7893,31,y,Toivottavasti teille kuuluu hyvää.
44,Toivottavasti teille kuuluu hyvää.,8299,32,v,Toivottavasti teille kuuluu hyvää.
44,Toivottavasti teille kuuluu hyvää.,8548,33,adiaeresis,Toivottavasti teille kuuluu hyvää.
44,Toivottavasti teille kuuluu hyvää.,8766,34,adiaeresis,Toivottavasti teille kuuluu hyvää.
44,Toivottavasti teille kuuluu hyvää.,9672,35,period,Toivottavasti teille kuuluu hyvää.
45,Minkälainen tunnelma?,0,0,Shift_R,Minkälainen tunnelma?
45,Minkälainen tunnelma?,187,1,M,Minkälainen tunnelma?
45,Minkälainen tunnelma?,279,2,i,Minkälainen tunnelma?
45,Minkälainen tunnelma?,467,3,n,Minkälainen tunnelma?
45,Minkälainen tunnelma?,842,4,k,Minkälainen tunnelma?
45,Minkälainen tunnelma?,1029,5,adiaeresis,Minkälainen tunnelma?
45,Minkälainen tunnelma?,1404,6,l,Minkälainen tunnelma?
45,Minkälainen tunnelma?,1746,7,a,Minkälainen tunnelma?
45,Minkälainen tunnelma?,1840,8,i,Minkälainen tunnelma?
45,Minkälainen tunnelma?,2121,9,n,Minkälainen tunnelma?
45,Minkälainen tunnelma?,2215,10,e,Minkälainen tunnelma?
45,Minkälainen tunnelma?,2276,11,n,Minkälainen tunnelma?
45,Minkälainen tunnelma?,2371,12,space,Minkälainen tunnelma?
45,Minkälainen tunnelma?,2588,13,t,Minkälainen tunnelma?
45,Minkälainen tunnelma?,2713,14,u,Minkälainen tunnelma?
45,Minkälainen tunnelma?,3276,15,n,Minkälainen tunnelma?
45,Minkälainen tunnelma?,3400,16,n,Minkälainen tunnelma?
45,Minkälainen tunnelma?,3588,17,e,Minkälainen tunnelma?
45,Minkälainen tunnelma?,3743,18,l,Minkälainen tunnelma?
45,Minkälainen tunnelma?,4180,19,m,Minkälainen tunnelma?
45,Minkälainen tunnelma?,4492,20,a,Minkälainen tunnelma?
45,Minkälainen tunnelma?,5023,21,Shift_R,Minkälainen tunnelma?
45,Minkälainen tunnelma?,5365,22,question,Minkälainen tunnelma?
46,Nähdään pian!,0,0,Shift_R,Nähdään pian!
46,Nähdään pian!,155,1,N,Nähdään pian!
46,Nähdään pian!,312,2,adiaeresis,Nähdään pian!
46,Nähdään pian!,404,3,h,Nähdään pian!
46,Nähdään pian!,686,4,d,Nähdään pian!
46,Nähdään pian!,842,5,adiaeresis,Nähdään pian!
46,Nähdään pian!,967,6,adiaeresis,Nähdään pian!
46,Nähdään pian!,1092,7,n,Nähdään pian!
46,Nähdään pian!,1184,8,space,Nähdään pian!
46,Nähdään pian!,1591,9,p,Nähdään pian!
46,Nähdään pian!,1684,10,i,Nähdään pian!
46,Nähdään pian!,1964,11,a,Nähdään pian!
46,Nähdään pian!,2121,12,n,Nähdään pian!
46,Nähdään pian!,3026,13,Shift_R,Nähdään pian!
46,Nähdään pian!,3213,14,exclam,Nähdään pian!
47,Toivon että voit jo paremmin.,0,0,Shift_R,Toivon että voit jo paremmin.
47,Toivon että voit jo paremmin.,125,1,T,Toivon että voit jo paremmin.
47,Toivon että voit jo paremmin.,312,2,o,Toivon että voit jo paremmin.
47,Toivon että voit jo paremmin.,375,3,i,Toivon että voit jo paremmin.
47,Toivon että voit jo paremmin.,592,4,v,Toivon että voit jo paremmin.
47,Toivon että voit jo paremmin.,654,5,o,Toivon että voit jo paremmin.
47,Toivon että voit jo paremmin.,779,6,n,Toivon että voit jo paremmin.
47,Toivon että voit jo paremmin.,874,7,space,Toivon että voit jo paremmin.
47,Toivon että voit jo paremmin.,1154,8,e,Toivon että voit jo paremmin.
47,Toivon että voit jo paremmin.,1404,9,t,Toivon että voit jo paremmin.
47,Toivon että voit jo paremmin.,1529,10,t,Toivon että voit jo paremmin.
47,Toivon että voit jo paremmin.,1716,11,adiaeresis,Toivon että voit jo paremmin.
47,Toivon että voit jo paremmin.,1809,12,space,Toivon että voit jo paremmin.
47,Toivon että voit jo paremmin.,1996,13,v,Toivon että voit jo paremmin.
47,Toivon että voit jo paremmin.,2152,14,o,Toivon että voit jo paremmin.
47,Toivon että voit jo paremmin.,2214,15,i,Toivon että voit jo paremmin.
47,Toivon että voit jo paremmin.,2371,16,t,Toivon että voit jo paremmin.
47,Toivon että voit jo paremmin.,3026,17,space,Toivon että voit jo paremmin.
47,Toivon että voit jo paremmin.,3183,18,j,Toivon että voit jo paremmin.
47,Toivon että voit jo paremmin.,3244,19,o,Toivon että voit jo paremmin.
47,Toivon että voit jo paremmin.,3463,20,space,Toivon että voit jo paremmin.
47,Toivon että voit jo paremmin.,3588,21,p,Toivon että voit jo paremmin.
47,Toivon että voit jo paremmin.,3713,22,a,Toivon että voit jo paremmin.
47,Toivon että voit jo paremmin.,3899,23,r,Toivon että voit jo paremmin.
47,Toivon että voit jo paremmin.,3993,24,e,Toivon että voit jo paremmin.
47,Toivon että voit jo paremmin.,4180,25,m,Toivon että voit jo paremmin.
47,Toivon että voit jo paremmin.,4305,26,m,Toivon että voit jo paremmin.
47,Toivon että voit jo paremmin.,4430,27,i,Toivon että voit jo paremmin.
47,Toivon että voit jo paremmin.,4493,28,n,Toivon että voit jo paremmin.
47,Toivon että voit jo paremmin.,5273,29,period,Toivon että voit jo paremmin.
48,Hyvää lomaa sinullekin.,0,0,Shift_R,Hyvää lomaa sinullekin.
48,Hyvää lomaa sinullekin.,156,1,H,Hyvää lomaa sinullekin.
48,Hyvää lomaa sinullekin.,312,2,y,Hyvää lomaa sinullekin.
48,Hyvää lomaa sinullekin.,437,3,v,Hyvää lomaa sinullekin.
48,Hyvää lomaa sinullekin.,529,4,adiaeresis,Hyvää lomaa sinullekin.
48,Hyvää lomaa sinullekin.,686,5,adiaeresis,Hyvää lomaa sinullekin.
48,Hyvää lomaa sinullekin.,811,6,space,Hyvää lomaa sinullekin.
48,Hyvää lomaa sinullekin.,998,7,l,Hyvää lomaa sinullekin.
48,Hyvää lomaa sinullekin.,1186,8,o,Hyvää lomaa sinullekin.
48,Hyvää lomaa sinullekin.,1903,9,m,Hyvää lomaa sinullekin.
48,Hyvää lomaa sinullekin.,2246,10,a,Hyvää lomaa sinullekin.
48,Hyvää lomaa sinullekin.,2401,11,a,Hyvää lomaa sinullekin.
48,Hyvää lomaa sinullekin.,2558,12,space,Hyvää lomaa sinullekin.
48,Hyvää lomaa sinullekin.,2776,13,s,Hyvää lomaa sinullekin.
48,Hyvää lomaa sinullekin.,2838,14,i,Hyvää lomaa sinullekin.
48,Hyvää lomaa sinullekin.,3088,15,n,Hyvää lomaa sinullekin.
48,Hyvää lomaa sinullekin.,3432,16,u,Hyvää lomaa sinullekin.
48,Hyvää lomaa sinullekin.,3650,17,l,Hyvää lomaa sinullekin.
48,Hyvää lomaa sinullekin.,3743,18,l,Hyvää lomaa sinullekin.
48,Hyvää lomaa sinullekin.,4087,19,e,Hyvää lomaa sinullekin.
48,Hyvää lomaa sinullekin.,4243,20,k,Hyvää lomaa sinullekin.
48,Hyvää lomaa sinullekin.,4368,21,i,Hyvää lomaa sinullekin.
48,Hyvää lomaa sinullekin.,4462,22,n,Hyvää lomaa sinullekin.
48,Hyvää lomaa sinullekin.,5398,23,period,Hyvää lomaa sinullekin.
49,Aioin osallistua.,0,0,Shift_R,Aioin osallistua.
49,Aioin osallistua.,187,1,A,Aioin osallistua.
49,Aioin osallistua.,437,2,i,Aioin osallistua.
49,Aioin osallistua.,779,3,o,Aioin osallistua.
49,Aioin osallistua.,874,4,i,Aioin osallistua.
49,Aioin osallistua.,1092,5,n,Aioin osallistua.
49,Aioin osallistua.,1217,6,space,Aioin osallistua.
49,Aioin osallistua.,1467,7,o,Aioin osallistua.
49,Aioin osallistua.,1716,8,s,Aioin osallistua.
49,Aioin osallistua.,1810,9,a,Aioin osallistua.
49,Aioin osallistua.,1966,10,l,Aioin osallistua.
49,Aioin osallistua.,2091,11,l,Aioin osallistua.
49,Aioin osallistua.,2153,12,i,Aioin osallistua.
49,Aioin osallistua.,2309,13,s,Aioin osallistua.
49,Aioin osallistua.,2496,14,t,Aioin osallistua.
49,Aioin osallistua.,2590,15,u,Aioin osallistua.
49,Aioin osallistua.,2776,16,a,Aioin osallistua.
49,Aioin osallistua.,3713,17,period,Aioin osallistua.
